   1.0000000000000000        0.0000000000000000        0.0000000000000000        0.0000000000000000        0.0000000000000000        0.0000000000000000        0.0000000000000000        0.0000000000000000        0.0000000000000000        0.0000000000000000        0.0000000000000000        0.0000000000000000        0.0000000000000000        0.0000000000000000        0.0000000000000000        0.0000000000000000        0.0000000000000000        0.0000000000000000        0.0000000000000000        0.0000000000000000        0.0000000000000000        0.0000000000000000        0.0000000000000000        0.0000000000000000        0.0000000000000000        0.0000000000000000        0.0000000000000000        0.0000000000000000        0.0000000000000000        0.0000000000000000        0.0000000000000000        0.0000000000000000        0.0000000000000000        0.0000000000000000        0.0000000000000000        0.0000000000000000        0.0000000000000000        0.0000000000000000        0.0000000000000000        0.0000000000000000        0.0000000000000000        0.0000000000000000        0.0000000000000000        0.0000000000000000        0.0000000000000000        0.0000000000000000        0.0000000000000000        0.0000000000000000        0.0000000000000000        0.0000000000000000        0.0000000000000000        0.0000000000000000        0.0000000000000000        0.0000000000000000        0.0000000000000000        0.0000000000000000        0.0000000000000000        0.0000000000000000        0.0000000000000000        0.0000000000000000        0.0000000000000000        0.0000000000000000        0.0000000000000000        0.0000000000000000        0.0000000000000000        0.0000000000000000        0.0000000000000000        0.0000000000000000        0.0000000000000000        0.0000000000000000        0.0000000000000000        0.0000000000000000        0.0000000000000000        0.0000000000000000        0.0000000000000000        0.0000000000000000        0.0000000000000000        0.0000000000000000        0.0000000000000000        0.0000000000000000        0.0000000000000000        0.0000000000000000        0.0000000000000000        0.0000000000000000        0.0000000000000000        0.0000000000000000        0.0000000000000000        0.0000000000000000        0.0000000000000000        0.0000000000000000        0.0000000000000000        0.0000000000000000        0.0000000000000000        0.0000000000000000        0.0000000000000000        0.0000000000000000        0.0000000000000000        0.0000000000000000        0.0000000000000000        0.0000000000000000        0.0000000000000000        0.0000000000000000        0.0000000000000000        0.0000000000000000        0.0000000000000000        0.0000000000000000        0.0000000000000000        0.0000000000000000        0.0000000000000000        0.0000000000000000        0.0000000000000000        0.0000000000000000        0.0000000000000000        0.0000000000000000        0.0000000000000000        0.0000000000000000        0.0000000000000000        0.0000000000000000        0.0000000000000000        0.0000000000000000        0.0000000000000000        0.0000000000000000        0.0000000000000000        0.0000000000000000        0.0000000000000000        0.0000000000000000        0.0000000000000000        0.0000000000000000        0.0000000000000000        0.0000000000000000        0.0000000000000000        0.0000000000000000        0.0000000000000000        0.0000000000000000        0.0000000000000000        0.0000000000000000        0.0000000000000000        0.0000000000000000        0.0000000000000000        0.0000000000000000        0.0000000000000000        0.0000000000000000        0.0000000000000000        0.0000000000000000        0.0000000000000000        0.0000000000000000        0.0000000000000000        0.0000000000000000        0.0000000000000000        0.0000000000000000        0.0000000000000000        0.0000000000000000        0.0000000000000000        0.0000000000000000        0.0000000000000000        0.0000000000000000        0.0000000000000000        0.0000000000000000        0.0000000000000000        0.0000000000000000        0.0000000000000000        0.0000000000000000        0.0000000000000000        0.0000000000000000        0.0000000000000000        0.0000000000000000        0.0000000000000000        0.0000000000000000        0.0000000000000000        0.0000000000000000        0.0000000000000000        0.0000000000000000        0.0000000000000000        0.0000000000000000        0.0000000000000000        0.0000000000000000        0.0000000000000000        0.0000000000000000        0.0000000000000000        0.0000000000000000        0.0000000000000000        0.0000000000000000        0.0000000000000000        0.0000000000000000        0.0000000000000000        0.0000000000000000        0.0000000000000000        0.0000000000000000        0.0000000000000000        0.0000000000000000        0.0000000000000000        0.0000000000000000        0.0000000000000000        0.0000000000000000        0.0000000000000000        0.0000000000000000        0.0000000000000000        0.0000000000000000        0.0000000000000000        0.0000000000000000        0.0000000000000000        0.0000000000000000        0.0000000000000000        0.0000000000000000        0.0000000000000000        0.0000000000000000        0.0000000000000000        0.0000000000000000        0.0000000000000000        0.0000000000000000        0.0000000000000000        0.0000000000000000        0.0000000000000000        0.0000000000000000        0.0000000000000000        0.0000000000000000        0.0000000000000000        0.0000000000000000        0.0000000000000000        0.0000000000000000        0.0000000000000000        0.0000000000000000        0.0000000000000000        0.0000000000000000        0.0000000000000000        0.0000000000000000        0.0000000000000000        0.0000000000000000        0.0000000000000000        0.0000000000000000        0.0000000000000000        0.0000000000000000        0.0000000000000000        0.0000000000000000        0.0000000000000000        0.0000000000000000        0.0000000000000000        0.0000000000000000        0.0000000000000000        0.0000000000000000        0.0000000000000000        0.0000000000000000        0.0000000000000000        0.0000000000000000        0.0000000000000000        0.0000000000000000        0.0000000000000000        0.0000000000000000        0.0000000000000000        0.0000000000000000        0.0000000000000000        0.0000000000000000        0.0000000000000000        0.0000000000000000        0.0000000000000000        0.0000000000000000     
  0.95637727724551658       -2.2631395266448084E-002  -2.2631395266448084E-002  -9.1351747006527644E-003  -2.2631395266448088E-002  -9.1351747006527644E-003  -9.1351747006527644E-003   1.0729338915948989E-003  -2.2631395266448088E-002  -9.1351747006527644E-003  -9.1351747006527644E-003   1.0729338915948989E-003  -9.1351747006527644E-003   1.0729338915948989E-003   1.0729338915948989E-003   8.8190703497604796E-005  -2.2631395266448084E-002   1.0587753354977287E-002   1.0587753354977287E-002  -3.9283466155575012E-004   1.0587753354977289E-002  -3.9283466155575012E-004  -3.9283466155575007E-004  -1.7603472043872521E-004   1.0587753354977289E-002  -3.9283466155575012E-004  -3.9283466155575012E-004  -1.7603472043872521E-004  -3.9283466155575012E-004  -1.7603472043872521E-004  -1.7603472043872521E-004   2.5620044560267726E-005  -2.2631395266448084E-002   1.0587753354977287E-002   1.0587753354977287E-002  -3.9283466155575007E-004   1.0587753354977289E-002  -3.9283466155575012E-004  -3.9283466155575001E-004  -1.7603472043872521E-004   1.0587753354977289E-002  -3.9283466155575007E-004  -3.9283466155575007E-004  -1.7603472043872521E-004  -3.9283466155575007E-004  -1.7603472043872521E-004  -1.7603472043872521E-004   2.5620044560267726E-005  -9.1351747006527644E-003  -3.9283466155575012E-004  -3.9283466155575007E-004   2.0818032133589306E-004  -3.9283466155575001E-004   2.0818032133589309E-004   2.0818032133589306E-004  -9.4896338889489910E-006  -3.9283466155575001E-004   2.0818032133589309E-004   2.0818032133589309E-004  -9.4896338889489927E-006   2.0818032133589309E-004  -9.4896338889489910E-006  -9.4896338889489927E-006  -4.6895217970129053E-006  -2.2631395266448088E-002   1.0587753354977289E-002   1.0587753354977289E-002  -3.9283466155575001E-004   1.0587753354977289E-002  -3.9283466155575012E-004  -3.9283466155574996E-004  -1.7603472043872524E-004   1.0587753354977289E-002  -3.9283466155575012E-004  -3.9283466155575012E-004  -1.7603472043872524E-004  -3.9283466155575012E-004  -1.7603472043872524E-004  -1.7603472043872524E-004   2.5620044560267733E-005  -9.1351747006527644E-003  -3.9283466155575012E-004  -3.9283466155575012E-004   2.0818032133589309E-004  -3.9283466155575012E-004   2.0818032133589312E-004   2.0818032133589312E-004  -9.4896338889489927E-006  -3.9283466155575012E-004   2.0818032133589312E-004   2.0818032133589309E-004  -9.4896338889489944E-006   2.0818032133589312E-004  -9.4896338889489944E-006  -9.4896338889489961E-006  -4.6895217970129053E-006  -9.1351747006527644E-003  -3.9283466155575007E-004  -3.9283466155575001E-004   2.0818032133589306E-004  -3.9283466155574996E-004   2.0818032133589312E-004   2.0818032133589306E-004  -9.4896338889489927E-006  -3.9283466155575001E-004   2.0818032133589312E-004   2.0818032133589309E-004  -9.4896338889489927E-006   2.0818032133589309E-004  -9.4896338889489927E-006  -9.4896338889489944E-006  -4.6895217970129053E-006   1.0729338915948989E-003  -1.7603472043872521E-004  -1.7603472043872521E-004  -9.4896338889489910E-006  -1.7603472043872524E-004  -9.4896338889489927E-006  -9.4896338889489927E-006   5.6093503079649919E-006  -1.7603472043872524E-004  -9.4896338889489927E-006  -9.4896338889489927E-006   5.6093503079649936E-006  -9.4896338889489927E-006   5.6093503079649927E-006   5.6093503079649936E-006  -2.9473801725331384E-007  -2.2631395266448088E-002   1.0587753354977289E-002   1.0587753354977289E-002  -3.9283466155575001E-004   1.0587753354977289E-002  -3.9283466155575012E-004  -3.9283466155575001E-004  -1.7603472043872524E-004   1.0587753354977289E-002  -3.9283466155575007E-004  -3.9283466155575007E-004  -1.7603472043872524E-004  -3.9283466155575007E-004  -1.7603472043872524E-004  -1.7603472043872524E-004   2.5620044560267733E-005  -9.1351747006527644E-003  -3.9283466155575012E-004  -3.9283466155575007E-004   2.0818032133589309E-004  -3.9283466155575012E-004   2.0818032133589312E-004   2.0818032133589312E-004  -9.4896338889489927E-006  -3.9283466155575007E-004   2.0818032133589312E-004   2.0818032133589309E-004  -9.4896338889489944E-006   2.0818032133589309E-004  -9.4896338889489944E-006  -9.4896338889489961E-006  -4.6895217970129053E-006  -9.1351747006527644E-003  -3.9283466155575012E-004  -3.9283466155575007E-004   2.0818032133589309E-004  -3.9283466155575012E-004   2.0818032133589309E-004   2.0818032133589309E-004  -9.4896338889489927E-006  -3.9283466155575007E-004   2.0818032133589309E-004   2.0818032133589312E-004  -9.4896338889489927E-006   2.0818032133589312E-004  -9.4896338889489927E-006  -9.4896338889489961E-006  -4.6895217970129053E-006   1.0729338915948989E-003  -1.7603472043872521E-004  -1.7603472043872521E-004  -9.4896338889489927E-006  -1.7603472043872524E-004  -9.4896338889489944E-006  -9.4896338889489927E-006   5.6093503079649936E-006  -1.7603472043872524E-004  -9.4896338889489944E-006  -9.4896338889489927E-006   5.6093503079649936E-006  -9.4896338889489944E-006   5.6093503079649936E-006   5.6093503079649936E-006  -2.9473801725331379E-007  -9.1351747006527644E-003  -3.9283466155575012E-004  -3.9283466155575007E-004   2.0818032133589309E-004  -3.9283466155575012E-004   2.0818032133589312E-004   2.0818032133589309E-004  -9.4896338889489927E-006  -3.9283466155575007E-004   2.0818032133589309E-004   2.0818032133589312E-004  -9.4896338889489944E-006   2.0818032133589312E-004  -9.4896338889489944E-006  -9.4896338889489961E-006  -4.6895217970129053E-006   1.0729338915948989E-003  -1.7603472043872521E-004  -1.7603472043872521E-004  -9.4896338889489910E-006  -1.7603472043872524E-004  -9.4896338889489944E-006  -9.4896338889489927E-006   5.6093503079649927E-006  -1.7603472043872524E-004  -9.4896338889489944E-006  -9.4896338889489927E-006   5.6093503079649936E-006  -9.4896338889489944E-006   5.6093503079649927E-006   5.6093503079649936E-006  -2.9473801725331384E-007   1.0729338915948989E-003  -1.7603472043872521E-004  -1.7603472043872521E-004  -9.4896338889489927E-006  -1.7603472043872524E-004  -9.4896338889489961E-006  -9.4896338889489944E-006   5.6093503079649936E-006  -1.7603472043872524E-004  -9.4896338889489961E-006  -9.4896338889489961E-006   5.6093503079649936E-006  -9.4896338889489961E-006   5.6093503079649936E-006   5.6093503079649936E-006  -2.9473801725331384E-007   8.8190703497604796E-005   2.5620044560267726E-005   2.5620044560267726E-005  -4.6895217970129053E-006   2.5620044560267733E-005  -4.6895217970129053E-006  -4.6895217970129053E-006  -2.9473801725331384E-007   2.5620044560267733E-005  -4.6895217970129053E-006  -4.6895217970129053E-006  -2.9473801725331379E-007  -4.6895217970129053E-006  -2.9473801725331384E-007  -2.9473801725331384E-007   1.9000532680914429E-007
  0.88074757671468640       -7.0827540739570288E-002  -7.0827540739570288E-002  -1.1124436568449707E-002  -7.0827540739570302E-002  -1.1124436568449709E-002  -1.1124436568449707E-002   6.6966538557249843E-003  -7.0827540739570302E-002  -1.1124436568449711E-002  -1.1124436568449711E-002   6.6966538557249825E-003  -1.1124436568449707E-002   6.6966538557249825E-003   6.6966538557249825E-003  -1.4246568385980361E-003  -7.0827540739570288E-002   2.7206239397636649E-002   2.7206239397636646E-002  -3.6267289878725490E-003   2.7206239397636646E-002  -3.6267289878725490E-003  -3.6267289878725486E-003  -5.6509075955445012E-004   2.7206239397636646E-002  -3.6267289878725486E-003  -3.6267289878725490E-003  -5.6509075955445012E-004  -3.6267289878725490E-003  -5.6509075955445012E-004  -5.6509075955445012E-004   4.6731775954135822E-004  -7.0827540739570288E-002   2.7206239397636646E-002   2.7206239397636642E-002  -3.6267289878725482E-003   2.7206239397636646E-002  -3.6267289878725482E-003  -3.6267289878725482E-003  -5.6509075955445012E-004   2.7206239397636646E-002  -3.6267289878725482E-003  -3.6267289878725486E-003  -5.6509075955445012E-004  -3.6267289878725490E-003  -5.6509075955445002E-004  -5.6509075955445012E-004   4.6731775954135822E-004  -1.1124436568449707E-002  -3.6267289878725490E-003  -3.6267289878725482E-003   1.6416742362846783E-003  -3.6267289878725482E-003   1.6416742362846785E-003   1.6416742362846783E-003  -2.7233428276320011E-004  -3.6267289878725482E-003   1.6416742362846783E-003   1.6416742362846783E-003  -2.7233428276320011E-004   1.6416742362846783E-003  -2.7233428276320006E-004  -2.7233428276320011E-004  -4.3247070164873282E-005  -7.0827540739570302E-002   2.7206239397636646E-002   2.7206239397636646E-002  -3.6267289878725482E-003   2.7206239397636646E-002  -3.6267289878725482E-003  -3.6267289878725482E-003  -5.6509075955445012E-004   2.7206239397636646E-002  -3.6267289878725482E-003  -3.6267289878725486E-003  -5.6509075955445023E-004  -3.6267289878725486E-003  -5.6509075955445012E-004  -5.6509075955445023E-004   4.6731775954135822E-004  -1.1124436568449709E-002  -3.6267289878725490E-003  -3.6267289878725482E-003   1.6416742362846785E-003  -3.6267289878725482E-003   1.6416742362846785E-003   1.6416742362846785E-003  -2.7233428276320011E-004  -3.6267289878725482E-003   1.6416742362846785E-003   1.6416742362846785E-003  -2.7233428276320011E-004   1.6416742362846785E-003  -2.7233428276320011E-004  -2.7233428276320011E-004  -4.3247070164873282E-005  -1.1124436568449707E-002  -3.6267289878725486E-003  -3.6267289878725482E-003   1.6416742362846783E-003  -3.6267289878725482E-003   1.6416742362846785E-003   1.6416742362846785E-003  -2.7233428276320011E-004  -3.6267289878725482E-003   1.6416742362846785E-003   1.6416742362846785E-003  -2.7233428276320006E-004   1.6416742362846785E-003  -2.7233428276320006E-004  -2.7233428276320006E-004  -4.3247070164873289E-005   6.6966538557249843E-003  -5.6509075955445012E-004  -5.6509075955445012E-004  -2.7233428276320011E-004  -5.6509075955445012E-004  -2.7233428276320011E-004  -2.7233428276320011E-004   1.4047808877293107E-004  -5.6509075955445023E-004  -2.7233428276320011E-004  -2.7233428276320011E-004   1.4047808877293107E-004  -2.7233428276320011E-004   1.4047808877293104E-004   1.4047808877293107E-004  -2.7211382705503502E-005  -7.0827540739570302E-002   2.7206239397636646E-002   2.7206239397636646E-002  -3.6267289878725482E-003   2.7206239397636646E-002  -3.6267289878725482E-003  -3.6267289878725482E-003  -5.6509075955445023E-004   2.7206239397636646E-002  -3.6267289878725482E-003  -3.6267289878725486E-003  -5.6509075955445023E-004  -3.6267289878725486E-003  -5.6509075955445023E-004  -5.6509075955445023E-004   4.6731775954135822E-004  -1.1124436568449711E-002  -3.6267289878725486E-003  -3.6267289878725482E-003   1.6416742362846783E-003  -3.6267289878725482E-003   1.6416742362846785E-003   1.6416742362846785E-003  -2.7233428276320011E-004  -3.6267289878725482E-003   1.6416742362846785E-003   1.6416742362846785E-003  -2.7233428276320011E-004   1.6416742362846785E-003  -2.7233428276320006E-004  -2.7233428276320011E-004  -4.3247070164873282E-005  -1.1124436568449711E-002  -3.6267289878725490E-003  -3.6267289878725486E-003   1.6416742362846783E-003  -3.6267289878725486E-003   1.6416742362846785E-003   1.6416742362846785E-003  -2.7233428276320011E-004  -3.6267289878725486E-003   1.6416742362846785E-003   1.6416742362846785E-003  -2.7233428276320011E-004   1.6416742362846785E-003  -2.7233428276320006E-004  -2.7233428276320011E-004  -4.3247070164873289E-005   6.6966538557249825E-003  -5.6509075955445012E-004  -5.6509075955445012E-004  -2.7233428276320011E-004  -5.6509075955445023E-004  -2.7233428276320011E-004  -2.7233428276320006E-004   1.4047808877293107E-004  -5.6509075955445023E-004  -2.7233428276320011E-004  -2.7233428276320011E-004   1.4047808877293104E-004  -2.7233428276320011E-004   1.4047808877293104E-004   1.4047808877293104E-004  -2.7211382705503495E-005  -1.1124436568449707E-002  -3.6267289878725490E-003  -3.6267289878725490E-003   1.6416742362846783E-003  -3.6267289878725486E-003   1.6416742362846785E-003   1.6416742362846785E-003  -2.7233428276320011E-004  -3.6267289878725486E-003   1.6416742362846785E-003   1.6416742362846785E-003  -2.7233428276320011E-004   1.6416742362846785E-003  -2.7233428276320006E-004  -2.7233428276320011E-004  -4.3247070164873282E-005   6.6966538557249825E-003  -5.6509075955445012E-004  -5.6509075955445002E-004  -2.7233428276320006E-004  -5.6509075955445012E-004  -2.7233428276320011E-004  -2.7233428276320006E-004   1.4047808877293104E-004  -5.6509075955445023E-004  -2.7233428276320006E-004  -2.7233428276320006E-004   1.4047808877293104E-004  -2.7233428276320006E-004   1.4047808877293104E-004   1.4047808877293104E-004  -2.7211382705503499E-005   6.6966538557249825E-003  -5.6509075955445012E-004  -5.6509075955445012E-004  -2.7233428276320011E-004  -5.6509075955445023E-004  -2.7233428276320011E-004  -2.7233428276320006E-004   1.4047808877293107E-004  -5.6509075955445023E-004  -2.7233428276320011E-004  -2.7233428276320011E-004   1.4047808877293104E-004  -2.7233428276320011E-004   1.4047808877293104E-004   1.4047808877293104E-004  -2.7211382705503499E-005  -1.4246568385980361E-003   4.6731775954135822E-004   4.6731775954135822E-004  -4.3247070164873282E-005   4.6731775954135822E-004  -4.3247070164873282E-005  -4.3247070164873289E-005  -2.7211382705503502E-005   4.6731775954135822E-004  -4.3247070164873282E-005  -4.3247070164873289E-005  -2.7211382705503495E-005  -4.3247070164873282E-005  -2.7211382705503499E-005  -2.7211382705503499E-005   1.5507921966599395E-005
  0.84808281383735229      -0.11740790692918329      -0.11740790692918329        1.4909956904187390E-002 -0.11740790692918332        1.4909956904187390E-002   1.4909956904187390E-002   1.9216575653974619E-003 -0.11740790692918332        1.4909956904187390E-002   1.4909956904187394E-002   1.9216575653974615E-003   1.4909956904187392E-002   1.9216575653974608E-003   1.9216575653974611E-003  -2.6151712950370529E-003 -0.11740790692918329        3.3056860250385262E-002   3.3056860250385255E-002  -8.1236215367342622E-003   3.3056860250385262E-002  -8.1236215367342657E-003  -8.1236215367342639E-003   1.4247087086812905E-003   3.3056860250385262E-002  -8.1236215367342639E-003  -8.1236215367342639E-003   1.4247087086812910E-003  -8.1236215367342639E-003   1.4247087086812907E-003   1.4247087086812907E-003   7.7344398122220937E-005 -0.11740790692918329        3.3056860250385255E-002   3.3056860250385255E-002  -8.1236215367342622E-003   3.3056860250385255E-002  -8.1236215367342639E-003  -8.1236215367342639E-003   1.4247087086812903E-003   3.3056860250385255E-002  -8.1236215367342622E-003  -8.1236215367342639E-003   1.4247087086812907E-003  -8.1236215367342639E-003   1.4247087086812907E-003   1.4247087086812903E-003   7.7344398122221005E-005   1.4909956904187390E-002  -8.1236215367342622E-003  -8.1236215367342622E-003   3.0088152254787760E-003  -8.1236215367342639E-003   3.0088152254787765E-003   3.0088152254787760E-003  -9.0644417809218061E-004  -8.1236215367342639E-003   3.0088152254787765E-003   3.0088152254787760E-003  -9.0644417809218082E-004   3.0088152254787760E-003  -9.0644417809218082E-004  -9.0644417809218061E-004   2.0051425123652770E-004 -0.11740790692918332        3.3056860250385262E-002   3.3056860250385255E-002  -8.1236215367342639E-003   3.3056860250385262E-002  -8.1236215367342639E-003  -8.1236215367342639E-003   1.4247087086812903E-003   3.3056860250385262E-002  -8.1236215367342639E-003  -8.1236215367342657E-003   1.4247087086812907E-003  -8.1236215367342657E-003   1.4247087086812907E-003   1.4247087086812903E-003   7.7344398122221032E-005   1.4909956904187390E-002  -8.1236215367342657E-003  -8.1236215367342639E-003   3.0088152254787765E-003  -8.1236215367342639E-003   3.0088152254787765E-003   3.0088152254787765E-003  -9.0644417809218072E-004  -8.1236215367342657E-003   3.0088152254787765E-003   3.0088152254787765E-003  -9.0644417809218093E-004   3.0088152254787760E-003  -9.0644417809218093E-004  -9.0644417809218072E-004   2.0051425123652767E-004   1.4909956904187390E-002  -8.1236215367342639E-003  -8.1236215367342639E-003   3.0088152254787760E-003  -8.1236215367342639E-003   3.0088152254787765E-003   3.0088152254787760E-003  -9.0644417809218093E-004  -8.1236215367342639E-003   3.0088152254787765E-003   3.0088152254787760E-003  -9.0644417809218082E-004   3.0088152254787760E-003  -9.0644417809218093E-004  -9.0644417809218082E-004   2.0051425123652770E-004   1.9216575653974619E-003   1.4247087086812905E-003   1.4247087086812903E-003  -9.0644417809218061E-004   1.4247087086812903E-003  -9.0644417809218072E-004  -9.0644417809218093E-004   3.9242682002894554E-004   1.4247087086812903E-003  -9.0644417809218093E-004  -9.0644417809218082E-004   3.9242682002894554E-004  -9.0644417809218072E-004   3.9242682002894554E-004   3.9242682002894554E-004  -1.3828862738874439E-004 -0.11740790692918332        3.3056860250385262E-002   3.3056860250385255E-002  -8.1236215367342639E-003   3.3056860250385262E-002  -8.1236215367342657E-003  -8.1236215367342639E-003   1.4247087086812903E-003   3.3056860250385262E-002  -8.1236215367342639E-003  -8.1236215367342657E-003   1.4247087086812905E-003  -8.1236215367342657E-003   1.4247087086812905E-003   1.4247087086812903E-003   7.7344398122221073E-005   1.4909956904187390E-002  -8.1236215367342639E-003  -8.1236215367342622E-003   3.0088152254787765E-003  -8.1236215367342639E-003   3.0088152254787765E-003   3.0088152254787765E-003  -9.0644417809218093E-004  -8.1236215367342639E-003   3.0088152254787765E-003   3.0088152254787765E-003  -9.0644417809218093E-004   3.0088152254787760E-003  -9.0644417809218093E-004  -9.0644417809218082E-004   2.0051425123652770E-004   1.4909956904187394E-002  -8.1236215367342639E-003  -8.1236215367342639E-003   3.0088152254787760E-003  -8.1236215367342657E-003   3.0088152254787765E-003   3.0088152254787760E-003  -9.0644417809218082E-004  -8.1236215367342657E-003   3.0088152254787765E-003   3.0088152254787765E-003  -9.0644417809218082E-004   3.0088152254787760E-003  -9.0644417809218082E-004  -9.0644417809218072E-004   2.0051425123652765E-004   1.9216575653974615E-003   1.4247087086812910E-003   1.4247087086812907E-003  -9.0644417809218082E-004   1.4247087086812907E-003  -9.0644417809218093E-004  -9.0644417809218082E-004   3.9242682002894554E-004   1.4247087086812905E-003  -9.0644417809218093E-004  -9.0644417809218082E-004   3.9242682002894565E-004  -9.0644417809218104E-004   3.9242682002894565E-004   3.9242682002894554E-004  -1.3828862738874442E-004   1.4909956904187392E-002  -8.1236215367342639E-003  -8.1236215367342639E-003   3.0088152254787760E-003  -8.1236215367342657E-003   3.0088152254787760E-003   3.0088152254787760E-003  -9.0644417809218072E-004  -8.1236215367342657E-003   3.0088152254787760E-003   3.0088152254787760E-003  -9.0644417809218104E-004   3.0088152254787760E-003  -9.0644417809218093E-004  -9.0644417809218061E-004   2.0051425123652770E-004   1.9216575653974608E-003   1.4247087086812907E-003   1.4247087086812907E-003  -9.0644417809218082E-004   1.4247087086812907E-003  -9.0644417809218093E-004  -9.0644417809218093E-004   3.9242682002894554E-004   1.4247087086812905E-003  -9.0644417809218093E-004  -9.0644417809218082E-004   3.9242682002894565E-004  -9.0644417809218093E-004   3.9242682002894565E-004   3.9242682002894554E-004  -1.3828862738874439E-004   1.9216575653974611E-003   1.4247087086812907E-003   1.4247087086812903E-003  -9.0644417809218061E-004   1.4247087086812903E-003  -9.0644417809218072E-004  -9.0644417809218082E-004   3.9242682002894554E-004   1.4247087086812903E-003  -9.0644417809218082E-004  -9.0644417809218072E-004   3.9242682002894554E-004  -9.0644417809218061E-004   3.9242682002894554E-004   3.9242682002894554E-004  -1.3828862738874439E-004  -2.6151712950370529E-003   7.7344398122220937E-005   7.7344398122221005E-005   2.0051425123652770E-004   7.7344398122221032E-005   2.0051425123652767E-004   2.0051425123652770E-004  -1.3828862738874439E-004   7.7344398122221073E-005   2.0051425123652770E-004   2.0051425123652765E-004  -1.3828862738874442E-004   2.0051425123652770E-004  -1.3828862738874439E-004  -1.3828862738874439E-004   6.7146528117698536E-005
  0.85866984686429415      -0.14222408153584284      -0.14222408153584282        4.3379817385516113E-002 -0.14222408153584284        4.3379817385516120E-002   4.3379817385516120E-002  -1.4105424253027155E-002 -0.14222408153584284        4.3379817385516120E-002   4.3379817385516120E-002  -1.4105424253027157E-002   4.3379817385516120E-002  -1.4105424253027158E-002  -1.4105424253027158E-002   5.4040238416221444E-003 -0.14222408153584284        3.0179674865147943E-002   3.0179674865147939E-002  -9.4519704729887407E-003   3.0179674865147943E-002  -9.4519704729887424E-003  -9.4519704729887407E-003   3.3839841026399816E-003   3.0179674865147943E-002  -9.4519704729887424E-003  -9.4519704729887407E-003   3.3839841026399825E-003  -9.4519704729887390E-003   3.3839841026399821E-003   3.3839841026399821E-003  -1.3606262631204714E-003 -0.14222408153584282        3.0179674865147939E-002   3.0179674865147936E-002  -9.4519704729887390E-003   3.0179674865147939E-002  -9.4519704729887407E-003  -9.4519704729887407E-003   3.3839841026399812E-003   3.0179674865147939E-002  -9.4519704729887407E-003  -9.4519704729887407E-003   3.3839841026399816E-003  -9.4519704729887390E-003   3.3839841026399821E-003   3.3839841026399816E-003  -1.3606262631204714E-003   4.3379817385516113E-002  -9.4519704729887407E-003  -9.4519704729887390E-003   3.1293220850866711E-003  -9.4519704729887407E-003   3.1293220850866711E-003   3.1293220850866711E-003  -1.1476546518280272E-003  -9.4519704729887407E-003   3.1293220850866711E-003   3.1293220850866711E-003  -1.1476546518280270E-003   3.1293220850866711E-003  -1.1476546518280270E-003  -1.1476546518280270E-003   4.7811819450104128E-004 -0.14222408153584284        3.0179674865147943E-002   3.0179674865147939E-002  -9.4519704729887407E-003   3.0179674865147943E-002  -9.4519704729887424E-003  -9.4519704729887407E-003   3.3839841026399816E-003   3.0179674865147943E-002  -9.4519704729887424E-003  -9.4519704729887424E-003   3.3839841026399825E-003  -9.4519704729887407E-003   3.3839841026399825E-003   3.3839841026399821E-003  -1.3606262631204716E-003   4.3379817385516120E-002  -9.4519704729887424E-003  -9.4519704729887407E-003   3.1293220850866711E-003  -9.4519704729887424E-003   3.1293220850866716E-003   3.1293220850866711E-003  -1.1476546518280272E-003  -9.4519704729887424E-003   3.1293220850866720E-003   3.1293220850866711E-003  -1.1476546518280274E-003   3.1293220850866716E-003  -1.1476546518280272E-003  -1.1476546518280270E-003   4.7811819450104134E-004   4.3379817385516120E-002  -9.4519704729887407E-003  -9.4519704729887407E-003   3.1293220850866711E-003  -9.4519704729887407E-003   3.1293220850866711E-003   3.1293220850866716E-003  -1.1476546518280272E-003  -9.4519704729887407E-003   3.1293220850866711E-003   3.1293220850866711E-003  -1.1476546518280270E-003   3.1293220850866711E-003  -1.1476546518280270E-003  -1.1476546518280270E-003   4.7811819450104128E-004  -1.4105424253027155E-002   3.3839841026399816E-003   3.3839841026399812E-003  -1.1476546518280272E-003   3.3839841026399816E-003  -1.1476546518280272E-003  -1.1476546518280272E-003   4.3846393522786861E-004   3.3839841026399816E-003  -1.1476546518280272E-003  -1.1476546518280272E-003   4.3846393522786861E-004  -1.1476546518280272E-003   4.3846393522786861E-004   4.3846393522786856E-004  -1.8701596167780969E-004 -0.14222408153584284        3.0179674865147943E-002   3.0179674865147939E-002  -9.4519704729887407E-003   3.0179674865147943E-002  -9.4519704729887424E-003  -9.4519704729887407E-003   3.3839841026399816E-003   3.0179674865147946E-002  -9.4519704729887424E-003  -9.4519704729887424E-003   3.3839841026399825E-003  -9.4519704729887407E-003   3.3839841026399825E-003   3.3839841026399829E-003  -1.3606262631204714E-003   4.3379817385516120E-002  -9.4519704729887424E-003  -9.4519704729887407E-003   3.1293220850866711E-003  -9.4519704729887424E-003   3.1293220850866720E-003   3.1293220850866711E-003  -1.1476546518280272E-003  -9.4519704729887424E-003   3.1293220850866720E-003   3.1293220850866711E-003  -1.1476546518280274E-003   3.1293220850866716E-003  -1.1476546518280270E-003  -1.1476546518280270E-003   4.7811819450104134E-004   4.3379817385516120E-002  -9.4519704729887407E-003  -9.4519704729887407E-003   3.1293220850866711E-003  -9.4519704729887424E-003   3.1293220850866711E-003   3.1293220850866711E-003  -1.1476546518280272E-003  -9.4519704729887424E-003   3.1293220850866711E-003   3.1293220850866711E-003  -1.1476546518280272E-003   3.1293220850866711E-003  -1.1476546518280270E-003  -1.1476546518280270E-003   4.7811819450104123E-004  -1.4105424253027157E-002   3.3839841026399825E-003   3.3839841026399816E-003  -1.1476546518280270E-003   3.3839841026399825E-003  -1.1476546518280274E-003  -1.1476546518280270E-003   4.3846393522786861E-004   3.3839841026399825E-003  -1.1476546518280274E-003  -1.1476546518280272E-003   4.3846393522786867E-004  -1.1476546518280274E-003   4.3846393522786861E-004   4.3846393522786867E-004  -1.8701596167780974E-004   4.3379817385516120E-002  -9.4519704729887390E-003  -9.4519704729887390E-003   3.1293220850866711E-003  -9.4519704729887407E-003   3.1293220850866716E-003   3.1293220850866711E-003  -1.1476546518280272E-003  -9.4519704729887407E-003   3.1293220850866716E-003   3.1293220850866711E-003  -1.1476546518280274E-003   3.1293220850866716E-003  -1.1476546518280270E-003  -1.1476546518280270E-003   4.7811819450104128E-004  -1.4105424253027158E-002   3.3839841026399821E-003   3.3839841026399821E-003  -1.1476546518280270E-003   3.3839841026399825E-003  -1.1476546518280272E-003  -1.1476546518280270E-003   4.3846393522786861E-004   3.3839841026399825E-003  -1.1476546518280270E-003  -1.1476546518280270E-003   4.3846393522786861E-004  -1.1476546518280270E-003   4.3846393522786861E-004   4.3846393522786861E-004  -1.8701596167780974E-004  -1.4105424253027158E-002   3.3839841026399821E-003   3.3839841026399816E-003  -1.1476546518280270E-003   3.3839841026399821E-003  -1.1476546518280270E-003  -1.1476546518280270E-003   4.3846393522786856E-004   3.3839841026399829E-003  -1.1476546518280270E-003  -1.1476546518280270E-003   4.3846393522786867E-004  -1.1476546518280270E-003   4.3846393522786861E-004   4.3846393522786867E-004  -1.8701596167780969E-004   5.4040238416221444E-003  -1.3606262631204714E-003  -1.3606262631204714E-003   4.7811819450104128E-004  -1.3606262631204716E-003   4.7811819450104134E-004   4.7811819450104128E-004  -1.8701596167780969E-004  -1.3606262631204714E-003   4.7811819450104134E-004   4.7811819450104123E-004  -1.8701596167780974E-004   4.7811819450104128E-004  -1.8701596167780974E-004  -1.8701596167780969E-004   8.1665423680913580E-005
  0.84321159119004152      -0.11390194600730096      -0.11390194600730097        2.2238205058306502E-002 -0.11390194600730098        2.2238205058306499E-002   2.2238205058306496E-002  -1.0999287682166962E-003 -0.11390194600730098        2.2238205058306502E-002   2.2238205058306499E-002  -1.0999287682166980E-003   2.2238205058306496E-002  -1.0999287682166958E-003  -1.0999287682166947E-003  -2.2697167673382556E-003 -0.11390194600730096        3.4374092791658026E-002   3.4374092791658026E-002  -9.1159465668767311E-003   3.4374092791658026E-002  -9.1159465668767311E-003  -9.1159465668767328E-003   2.6474926918887572E-003   3.4374092791658026E-002  -9.1159465668767311E-003  -9.1159465668767311E-003   2.6474926918887581E-003  -9.1159465668767311E-003   2.6474926918887581E-003   2.6474926918887576E-003  -5.2525702943382767E-004 -0.11390194600730097        3.4374092791658026E-002   3.4374092791658033E-002  -9.1159465668767311E-003   3.4374092791658033E-002  -9.1159465668767311E-003  -9.1159465668767328E-003   2.6474926918887572E-003   3.4374092791658033E-002  -9.1159465668767311E-003  -9.1159465668767311E-003   2.6474926918887581E-003  -9.1159465668767311E-003   2.6474926918887581E-003   2.6474926918887576E-003  -5.2525702943382777E-004   2.2238205058306502E-002  -9.1159465668767311E-003  -9.1159465668767311E-003   2.9083251653180390E-003  -9.1159465668767328E-003   2.9083251653180386E-003   2.9083251653180390E-003  -1.0166555337294881E-003  -9.1159465668767346E-003   2.9083251653180390E-003   2.9083251653180390E-003  -1.0166555337294883E-003   2.9083251653180381E-003  -1.0166555337294881E-003  -1.0166555337294881E-003   3.0133898354216200E-004 -0.11390194600730098        3.4374092791658026E-002   3.4374092791658033E-002  -9.1159465668767328E-003   3.4374092791658033E-002  -9.1159465668767328E-003  -9.1159465668767328E-003   2.6474926918887572E-003   3.4374092791658033E-002  -9.1159465668767328E-003  -9.1159465668767328E-003   2.6474926918887581E-003  -9.1159465668767311E-003   2.6474926918887581E-003   2.6474926918887576E-003  -5.2525702943382767E-004   2.2238205058306499E-002  -9.1159465668767311E-003  -9.1159465668767311E-003   2.9083251653180386E-003  -9.1159465668767328E-003   2.9083251653180386E-003   2.9083251653180386E-003  -1.0166555337294881E-003  -9.1159465668767346E-003   2.9083251653180386E-003   2.9083251653180386E-003  -1.0166555337294883E-003   2.9083251653180381E-003  -1.0166555337294883E-003  -1.0166555337294883E-003   3.0133898354216206E-004   2.2238205058306496E-002  -9.1159465668767328E-003  -9.1159465668767328E-003   2.9083251653180390E-003  -9.1159465668767328E-003   2.9083251653180386E-003   2.9083251653180390E-003  -1.0166555337294881E-003  -9.1159465668767328E-003   2.9083251653180390E-003   2.9083251653180390E-003  -1.0166555337294883E-003   2.9083251653180377E-003  -1.0166555337294881E-003  -1.0166555337294883E-003   3.0133898354216200E-004  -1.0999287682166962E-003   2.6474926918887572E-003   2.6474926918887572E-003  -1.0166555337294881E-003   2.6474926918887572E-003  -1.0166555337294881E-003  -1.0166555337294881E-003   4.4102477756314325E-004   2.6474926918887576E-003  -1.0166555337294881E-003  -1.0166555337294881E-003   4.4102477756314331E-004  -1.0166555337294881E-003   4.4102477756314331E-004   4.4102477756314336E-004  -1.6756314641871862E-004 -0.11390194600730098        3.4374092791658026E-002   3.4374092791658033E-002  -9.1159465668767346E-003   3.4374092791658033E-002  -9.1159465668767346E-003  -9.1159465668767328E-003   2.6474926918887576E-003   3.4374092791658033E-002  -9.1159465668767363E-003  -9.1159465668767328E-003   2.6474926918887585E-003  -9.1159465668767328E-003   2.6474926918887581E-003   2.6474926918887585E-003  -5.2525702943382788E-004   2.2238205058306502E-002  -9.1159465668767311E-003  -9.1159465668767311E-003   2.9083251653180390E-003  -9.1159465668767328E-003   2.9083251653180386E-003   2.9083251653180390E-003  -1.0166555337294881E-003  -9.1159465668767363E-003   2.9083251653180390E-003   2.9083251653180390E-003  -1.0166555337294885E-003   2.9083251653180377E-003  -1.0166555337294883E-003  -1.0166555337294885E-003   3.0133898354216200E-004   2.2238205058306499E-002  -9.1159465668767311E-003  -9.1159465668767311E-003   2.9083251653180390E-003  -9.1159465668767328E-003   2.9083251653180386E-003   2.9083251653180390E-003  -1.0166555337294881E-003  -9.1159465668767328E-003   2.9083251653180390E-003   2.9083251653180390E-003  -1.0166555337294883E-003   2.9083251653180381E-003  -1.0166555337294881E-003  -1.0166555337294883E-003   3.0133898354216200E-004  -1.0999287682166980E-003   2.6474926918887581E-003   2.6474926918887581E-003  -1.0166555337294883E-003   2.6474926918887581E-003  -1.0166555337294883E-003  -1.0166555337294883E-003   4.4102477756314331E-004   2.6474926918887585E-003  -1.0166555337294885E-003  -1.0166555337294883E-003   4.4102477756314341E-004  -1.0166555337294883E-003   4.4102477756314341E-004   4.4102477756314341E-004  -1.6756314641871864E-004   2.2238205058306496E-002  -9.1159465668767311E-003  -9.1159465668767311E-003   2.9083251653180381E-003  -9.1159465668767311E-003   2.9083251653180381E-003   2.9083251653180377E-003  -1.0166555337294881E-003  -9.1159465668767328E-003   2.9083251653180377E-003   2.9083251653180381E-003  -1.0166555337294883E-003   2.9083251653180377E-003  -1.0166555337294881E-003  -1.0166555337294883E-003   3.0133898354216195E-004  -1.0999287682166958E-003   2.6474926918887581E-003   2.6474926918887581E-003  -1.0166555337294881E-003   2.6474926918887581E-003  -1.0166555337294883E-003  -1.0166555337294881E-003   4.4102477756314331E-004   2.6474926918887581E-003  -1.0166555337294883E-003  -1.0166555337294881E-003   4.4102477756314341E-004  -1.0166555337294881E-003   4.4102477756314331E-004   4.4102477756314336E-004  -1.6756314641871867E-004  -1.0999287682166947E-003   2.6474926918887576E-003   2.6474926918887576E-003  -1.0166555337294881E-003   2.6474926918887576E-003  -1.0166555337294883E-003  -1.0166555337294883E-003   4.4102477756314336E-004   2.6474926918887585E-003  -1.0166555337294885E-003  -1.0166555337294883E-003   4.4102477756314341E-004  -1.0166555337294883E-003   4.4102477756314336E-004   4.4102477756314336E-004  -1.6756314641871867E-004  -2.2697167673382556E-003  -5.2525702943382767E-004  -5.2525702943382777E-004   3.0133898354216200E-004  -5.2525702943382767E-004   3.0133898354216206E-004   3.0133898354216200E-004  -1.6756314641871862E-004  -5.2525702943382788E-004   3.0133898354216200E-004   3.0133898354216200E-004  -1.6756314641871864E-004   3.0133898354216195E-004  -1.6756314641871867E-004  -1.6756314641871867E-004   7.7987541164698283E-005
