   0.0000000000000000        0.0000000000000000        0.0000000000000000        0.0000000000000000        0.0000000000000000        0.0000000000000000        0.0000000000000000        0.0000000000000000        0.0000000000000000        0.0000000000000000        0.0000000000000000        0.0000000000000000        0.0000000000000000        0.0000000000000000        0.0000000000000000        0.0000000000000000        0.0000000000000000        0.0000000000000000        0.0000000000000000        0.0000000000000000        0.0000000000000000        0.0000000000000000        0.0000000000000000        0.0000000000000000        0.0000000000000000        0.0000000000000000        0.0000000000000000        0.0000000000000000        0.0000000000000000        0.0000000000000000        0.0000000000000000        0.0000000000000000        0.0000000000000000        0.0000000000000000        0.0000000000000000        0.0000000000000000        0.0000000000000000        0.0000000000000000        0.0000000000000000        0.0000000000000000        0.0000000000000000        0.0000000000000000        0.0000000000000000        0.0000000000000000        0.0000000000000000        0.0000000000000000        0.0000000000000000        0.0000000000000000        0.0000000000000000        0.0000000000000000        0.0000000000000000        0.0000000000000000        0.0000000000000000        0.0000000000000000        0.0000000000000000        0.0000000000000000        0.0000000000000000        0.0000000000000000        0.0000000000000000        0.0000000000000000        0.0000000000000000        0.0000000000000000        0.0000000000000000        0.0000000000000000        0.0000000000000000        0.0000000000000000        0.0000000000000000        0.0000000000000000        0.0000000000000000        0.0000000000000000        0.0000000000000000        0.0000000000000000        0.0000000000000000        0.0000000000000000        0.0000000000000000        0.0000000000000000        0.0000000000000000        0.0000000000000000        0.0000000000000000        0.0000000000000000        0.0000000000000000        0.0000000000000000        0.0000000000000000        0.0000000000000000        0.0000000000000000        0.0000000000000000        0.0000000000000000        0.0000000000000000        0.0000000000000000        0.0000000000000000        0.0000000000000000        0.0000000000000000        0.0000000000000000        0.0000000000000000        0.0000000000000000        0.0000000000000000        0.0000000000000000        0.0000000000000000        0.0000000000000000        0.0000000000000000        0.0000000000000000        0.0000000000000000        0.0000000000000000        0.0000000000000000        0.0000000000000000        0.0000000000000000        0.0000000000000000        0.0000000000000000        0.0000000000000000        0.0000000000000000        0.0000000000000000        0.0000000000000000        0.0000000000000000        0.0000000000000000        0.0000000000000000        0.0000000000000000        0.0000000000000000        0.0000000000000000        0.0000000000000000        0.0000000000000000        0.0000000000000000        0.0000000000000000        0.0000000000000000        0.0000000000000000        0.0000000000000000        0.0000000000000000        0.0000000000000000        0.0000000000000000        0.0000000000000000        0.0000000000000000        0.0000000000000000        0.0000000000000000        0.0000000000000000        0.0000000000000000        0.0000000000000000        0.0000000000000000        0.0000000000000000        0.0000000000000000        0.0000000000000000        0.0000000000000000        0.0000000000000000        0.0000000000000000        0.0000000000000000        0.0000000000000000        0.0000000000000000        0.0000000000000000        0.0000000000000000        0.0000000000000000        0.0000000000000000        0.0000000000000000        0.0000000000000000        0.0000000000000000        0.0000000000000000        0.0000000000000000        0.0000000000000000        0.0000000000000000        0.0000000000000000        0.0000000000000000        0.0000000000000000        0.0000000000000000        0.0000000000000000        0.0000000000000000        0.0000000000000000        0.0000000000000000        0.0000000000000000        0.0000000000000000        0.0000000000000000        0.0000000000000000        0.0000000000000000        0.0000000000000000        0.0000000000000000        0.0000000000000000        0.0000000000000000        0.0000000000000000        0.0000000000000000        0.0000000000000000        0.0000000000000000        0.0000000000000000        0.0000000000000000        0.0000000000000000        0.0000000000000000        0.0000000000000000        0.0000000000000000        0.0000000000000000        0.0000000000000000        0.0000000000000000        0.0000000000000000        0.0000000000000000        0.0000000000000000        0.0000000000000000        0.0000000000000000        0.0000000000000000        0.0000000000000000        0.0000000000000000        0.0000000000000000        0.0000000000000000        0.0000000000000000        0.0000000000000000        0.0000000000000000        0.0000000000000000        0.0000000000000000        0.0000000000000000        0.0000000000000000        0.0000000000000000        0.0000000000000000        0.0000000000000000        0.0000000000000000        0.0000000000000000        0.0000000000000000        0.0000000000000000        0.0000000000000000        0.0000000000000000        0.0000000000000000        0.0000000000000000        0.0000000000000000        0.0000000000000000        0.0000000000000000        0.0000000000000000        0.0000000000000000        0.0000000000000000        0.0000000000000000        0.0000000000000000        0.0000000000000000        0.0000000000000000        0.0000000000000000        0.0000000000000000        0.0000000000000000        0.0000000000000000        0.0000000000000000        0.0000000000000000        0.0000000000000000        0.0000000000000000        0.0000000000000000        0.0000000000000000        0.0000000000000000        0.0000000000000000        0.0000000000000000        0.0000000000000000        0.0000000000000000        0.0000000000000000        0.0000000000000000        0.0000000000000000        0.0000000000000000        0.0000000000000000        0.0000000000000000        0.0000000000000000        0.0000000000000000        0.0000000000000000        0.0000000000000000        0.0000000000000000        0.0000000000000000        0.0000000000000000        0.0000000000000000        0.0000000000000000        0.0000000000000000        0.0000000000000000     
   0.0000000000000000       -8.6631930538449600E-002  -8.6631930538449600E-002   5.5569920677045141E-003  -8.6631930538449614E-002   5.5569920677045141E-003   5.5569920677045141E-003   9.5807465686773973E-004  -8.6631930538449614E-002   5.5569920677045141E-003   5.5569920677045141E-003   9.5807465686773984E-004   5.5569920677045141E-003   9.5807465686773984E-004   9.5807465686773984E-004  -1.9441752537479126E-004   8.6631930538449600E-002   0.0000000000000000        4.0657536224321552E-020  -1.3610306170322958E-003  -3.2536658306110956E-019  -1.3610306170322962E-003  -1.3610306170322960E-003   1.1356973430188585E-004  -2.3042611399942168E-019  -1.3610306170322962E-003  -1.3610306170322962E-003   1.1356973430188585E-004  -1.3610306170322962E-003   1.1356973430188585E-004   1.1356973430188585E-004   2.1543733450315578E-005   8.6631930538449600E-002  -4.0657536224321552E-020   0.0000000000000000       -1.3610306170322958E-003  -3.6602411928543112E-019  -1.3610306170322962E-003  -1.3610306170322960E-003   1.1356973430188584E-004  -2.7108365022374323E-019  -1.3610306170322962E-003  -1.3610306170322962E-003   1.1356973430188585E-004  -1.3610306170322962E-003   1.1356973430188584E-004   1.1356973430188585E-004   2.1543733450315578E-005  -5.5569920677045141E-003   1.3610306170322958E-003   1.3610306170322958E-003   0.0000000000000000        1.3610306170322960E-003   6.3511056728746947E-021  -1.0275087182238477E-024  -3.1726681249442262E-005   1.3610306170322960E-003   6.7750353013895944E-021   2.9633809799976675E-021  -3.1726681249442269E-005   4.8896842922186522E-021  -3.1726681249442269E-005  -3.1726681249442269E-005   3.1260116116691667E-006   8.6631930538449614E-002   3.2536658306110956E-019   3.6602411928543112E-019  -1.3610306170322960E-003   0.0000000000000000       -1.3610306170322962E-003  -1.3610306170322962E-003   1.1356973430188585E-004   9.4933851616787461E-020  -1.3610306170322962E-003  -1.3610306170322962E-003   1.1356973430188585E-004  -1.3610306170322962E-003   1.1356973430188585E-004   1.1356973430188585E-004   2.1543733450315585E-005  -5.5569920677045141E-003   1.3610306170322962E-003   1.3610306170322962E-003  -6.3511056728746947E-021   1.3610306170322962E-003   0.0000000000000000       -2.9640013925761022E-021  -3.1726681249442262E-005   1.3610306170322962E-003   4.2392963009300666E-022  -5.0817905858075205E-021  -3.1726681249442269E-005  -3.1554872735869214E-021  -3.1726681249442269E-005  -3.1726681249442269E-005   3.1260116116691667E-006  -5.5569920677045141E-003   1.3610306170322960E-003   1.3610306170322960E-003   1.0275087182238477E-024   1.3610306170322962E-003   2.9640013925761022E-021   0.0000000000000000       -3.1726681249442262E-005   1.3610306170322962E-003   3.3877242275155855E-021  -8.4744656750349118E-022  -3.1726681249442269E-005   1.5023732183446433E-021  -3.1726681249442269E-005  -3.1726681249442269E-005   3.1260116116691663E-006  -9.5807465686773973E-004  -1.1356973430188585E-004  -1.1356973430188584E-004   3.1726681249442262E-005  -1.1356973430188585E-004   3.1726681249442262E-005   3.1726681249442262E-005   0.0000000000000000       -1.1356973430188584E-004   3.1726681249442262E-005   3.1726681249442269E-005  -2.2496993410342014E-022   3.1726681249442269E-005  -5.2940048395377635E-023  -2.2499115764494581E-022  -9.6370182700728802E-007   8.6631930538449614E-002   2.3042611399942168E-019   2.7108365022374323E-019  -1.3610306170322960E-003  -9.4933851616787461E-020  -1.3610306170322962E-003  -1.3610306170322962E-003   1.1356973430188584E-004   0.0000000000000000       -1.3610306170322962E-003  -1.3610306170322962E-003   1.1356973430188585E-004  -1.3610306170322962E-003   1.1356973430188584E-004   1.1356973430188585E-004   2.1543733450315582E-005  -5.5569920677045141E-003   1.3610306170322962E-003   1.3610306170322962E-003  -6.7750353013895944E-021   1.3610306170322962E-003  -4.2392963009300666E-022  -3.3877242275155855E-021  -3.1726681249442262E-005   1.3610306170322962E-003   0.0000000000000000       -3.8116543213919265E-021  -3.1726681249442269E-005  -1.8853510091713277E-021  -3.1726681249442269E-005  -3.1726681249442269E-005   3.1260116116691667E-006  -5.5569920677045141E-003   1.3610306170322962E-003   1.3610306170322962E-003  -2.9633809799976675E-021   1.3610306170322962E-003   5.0817905858075205E-021   8.4744656750349118E-022  -3.1726681249442269E-005   1.3610306170322962E-003   3.8116543213919265E-021   0.0000000000000000       -3.1726681249442269E-005   1.9263033122205991E-021  -3.1726681249442269E-005  -3.1726681249442269E-005   3.1260116116691663E-006  -9.5807465686773984E-004  -1.1356973430188585E-004  -1.1356973430188585E-004   3.1726681249442269E-005  -1.1356973430188585E-004   3.1726681249442269E-005   3.1726681249442269E-005   2.2496993410342014E-022  -1.1356973430188585E-004   3.1726681249442269E-005   3.1726681249442269E-005   0.0000000000000000        3.1726681249442269E-005   1.7202988570804252E-022  -2.1223541525671278E-026  -9.6370182700728802E-007  -5.5569920677045141E-003   1.3610306170322962E-003   1.3610306170322962E-003  -4.8896842922186522E-021   1.3610306170322962E-003   3.1554872735869214E-021  -1.5023732183446433E-021  -3.1726681249442269E-005   1.3610306170322962E-003   1.8853510091713277E-021  -1.9263033122205991E-021  -3.1726681249442269E-005   0.0000000000000000       -3.1726681249442269E-005  -3.1726681249442269E-005   3.1260116116691667E-006  -9.5807465686773984E-004  -1.1356973430188585E-004  -1.1356973430188584E-004   3.1726681249442269E-005  -1.1356973430188585E-004   3.1726681249442269E-005   3.1726681249442269E-005   5.2940048395377635E-023  -1.1356973430188584E-004   3.1726681249442269E-005   3.1726681249442269E-005  -1.7202988570804252E-022   3.1726681249442269E-005   0.0000000000000000       -1.7205110924956819E-022  -9.6370182700728802E-007  -9.5807465686773984E-004  -1.1356973430188585E-004  -1.1356973430188585E-004   3.1726681249442269E-005  -1.1356973430188585E-004   3.1726681249442269E-005   3.1726681249442269E-005   2.2499115764494581E-022  -1.1356973430188585E-004   3.1726681249442269E-005   3.1726681249442269E-005   2.1223541525671278E-026   3.1726681249442269E-005   1.7205110924956819E-022   0.0000000000000000       -9.6370182700728802E-007   1.9441752537479126E-004  -2.1543733450315578E-005  -2.1543733450315578E-005  -3.1260116116691667E-006  -2.1543733450315585E-005  -3.1260116116691667E-006  -3.1260116116691663E-006   9.6370182700728802E-007  -2.1543733450315582E-005  -3.1260116116691667E-006  -3.1260116116691663E-006   9.6370182700728802E-007  -3.1260116116691667E-006   9.6370182700728802E-007   9.6370182700728802E-007   0.0000000000000000     
   0.0000000000000000      -0.11608334363251216      -0.11608334363251216        2.6435895902586097E-002 -0.11608334363251216        2.6435895902586097E-002   2.6435895902586094E-002  -1.5723498488605333E-003 -0.11608334363251216        2.6435895902586097E-002   2.6435895902586097E-002  -1.5723498488605331E-003   2.6435895902586097E-002  -1.5723498488605333E-003  -1.5723498488605331E-003  -1.1787674493047400E-003  0.11608334363251216        0.0000000000000000       -6.2209405431980078E-019  -5.2531661696725608E-003  -1.5199332952093888E-018  -5.2531661696725617E-003  -5.2531661696725617E-003   1.5927663181440745E-003  -2.1395210867517442E-018  -5.2531661696725617E-003  -5.2531661696725617E-003   1.5927663181440743E-003  -5.2531661696725617E-003   1.5927663181440743E-003   1.5927663181440743E-003  -1.4468202383556889E-004  0.11608334363251216        6.2209405431980078E-019   0.0000000000000000       -5.2531661696725608E-003  -1.3315201159929258E-018  -5.2531661696725617E-003  -5.2531661696725608E-003   1.5927663181440743E-003  -1.9511610542430471E-018  -5.2531661696725617E-003  -5.2531661696725617E-003   1.5927663181440743E-003  -5.2531661696725608E-003   1.5927663181440743E-003   1.5927663181440743E-003  -1.4468202383556892E-004  -2.6435895902586097E-002   5.2531661696725608E-003   5.2531661696725608E-003   0.0000000000000000        5.2531661696725608E-003  -3.3905461517047724E-021  -4.3207122200623946E-020  -3.7787973817376470E-004   5.2531661696725617E-003  -4.2433575396623747E-021  -4.4927514699056443E-020  -3.7787973817376470E-004  -3.8191945416175385E-020  -3.7787973817376470E-004  -3.7787973817376470E-004   1.3679554016011295E-004  0.11608334363251216        1.5199332952093888E-018   1.3315201159929258E-018  -5.2531661696725608E-003   0.0000000000000000       -5.2531661696725617E-003  -5.2531661696725617E-003   1.5927663181440743E-003  -6.1964093790006467E-019  -5.2531661696725617E-003  -5.2531661696725617E-003   1.5927663181440743E-003  -5.2531661696725617E-003   1.5927663181440743E-003   1.5927663181440743E-003  -1.4468202383556889E-004  -2.6435895902586097E-002   5.2531661696725617E-003   5.2531661696725617E-003   3.3905461517047724E-021   5.2531661696725617E-003   0.0000000000000000       -4.3204707837887067E-020  -3.7787973817376470E-004   5.2531661696725617E-003  -4.2408430136784487E-021  -4.4925100336763298E-020  -3.7787973817376470E-004  -2.4636900502553958E-020  -3.7787973817376470E-004  -3.7787973817376470E-004   1.3679554016011295E-004  -2.6435895902586094E-002   5.2531661696725617E-003   5.2531661696725608E-003   4.3207122200623946E-020   5.2531661696725617E-003   4.3204707837887067E-020   0.0000000000000000       -3.7787973817376470E-004   5.2531661696725617E-003   3.8970382102706551E-020  -1.7138752199343805E-021  -3.7787973817376470E-004   5.0184887353120234E-021  -3.7787973817376470E-004  -3.7787973817376470E-004   1.3679554016011295E-004   1.5723498488605333E-003  -1.5927663181440745E-003  -1.5927663181440743E-003   3.7787973817376470E-004  -1.5927663181440743E-003   3.7787973817376470E-004   3.7787973817376470E-004   0.0000000000000000       -1.5927663181440743E-003   3.7787973817376470E-004   3.7787973817376470E-004  -1.4872376483224697E-021   3.7787973817376470E-004  -1.1996720839771016E-021   3.6406929337398335E-022  -3.6577369168998572E-005  0.11608334363251216        2.1395210867517442E-018   1.9511610542430471E-018  -5.2531661696725617E-003   6.1964093790006467E-019  -5.2531661696725617E-003  -5.2531661696725617E-003   1.5927663181440743E-003   0.0000000000000000       -5.2531661696725617E-003  -5.2531661696725617E-003   1.5927663181440743E-003  -5.2531661696725617E-003   1.5927663181440743E-003   1.5927663181440743E-003  -1.4468202383556889E-004  -2.6435895902586097E-002   5.2531661696725617E-003   5.2531661696725617E-003   4.2433575396623747E-021   5.2531661696725617E-003   4.2408430136784487E-021  -3.8970382102706551E-020  -3.7787973817376470E-004   5.2531661696725617E-003   0.0000000000000000       -4.0684257323035548E-020  -3.7787973817376470E-004  -3.3925423584637581E-020  -3.7787973817376470E-004  -3.7787973817376470E-004   1.3679554016011295E-004  -2.6435895902586097E-002   5.2531661696725617E-003   5.2531661696725617E-003   4.4927514699056443E-020   5.2531661696725617E-003   4.4925100336763298E-020   1.7138752199343805E-021  -3.7787973817376470E-004   5.2531661696725617E-003   4.0684257323035548E-020   0.0000000000000000       -3.7787973817376470E-004   6.7587303404269749E-021  -3.7787973817376470E-004  -3.7787973817376470E-004   1.3679554016011295E-004   1.5723498488605331E-003  -1.5927663181440743E-003  -1.5927663181440743E-003   3.7787973817376470E-004  -1.5927663181440743E-003   3.7787973817376470E-004   3.7787973817376470E-004   1.4872376483224697E-021  -1.5927663181440743E-003   3.7787973817376470E-004   3.7787973817376470E-004   0.0000000000000000        3.7787973817376470E-004   3.1486576185063919E-022   1.8786039080274562E-021  -3.6577369168998572E-005  -2.6435895902586097E-002   5.2531661696725617E-003   5.2531661696725608E-003   3.8191945416175385E-020   5.2531661696725617E-003   2.4636900502553958E-020  -5.0184887353120234E-021  -3.7787973817376470E-004   5.2531661696725617E-003   3.3925423584637581E-020  -6.7587303404269749E-021  -3.7787973817376470E-004   0.0000000000000000       -3.7787973817376470E-004  -3.7787973817376470E-004   1.3679554016011295E-004   1.5723498488605333E-003  -1.5927663181440743E-003  -1.5927663181440743E-003   3.7787973817376470E-004  -1.5927663181440743E-003   3.7787973817376470E-004   3.7787973817376470E-004   1.1996720839771016E-021  -1.5927663181440743E-003   3.7787973817376470E-004   3.7787973817376470E-004  -3.1486576185063919E-022   3.7787973817376470E-004   0.0000000000000000        1.5372683665720388E-021  -3.6577369168998572E-005   1.5723498488605331E-003  -1.5927663181440743E-003  -1.5927663181440743E-003   3.7787973817376470E-004  -1.5927663181440743E-003   3.7787973817376470E-004   3.7787973817376470E-004  -3.6406929337398335E-022  -1.5927663181440743E-003   3.7787973817376470E-004   3.7787973817376470E-004  -1.8786039080274562E-021   3.7787973817376470E-004  -1.5372683665720388E-021   0.0000000000000000       -3.6577369168998579E-005   1.1787674493047400E-003   1.4468202383556889E-004   1.4468202383556892E-004  -1.3679554016011295E-004   1.4468202383556889E-004  -1.3679554016011295E-004  -1.3679554016011295E-004   3.6577369168998572E-005   1.4468202383556889E-004  -1.3679554016011295E-004  -1.3679554016011295E-004   3.6577369168998572E-005  -1.3679554016011295E-004   3.6577369168998572E-005   3.6577369168998579E-005   0.0000000000000000     
   0.0000000000000000       -8.5691606441781004E-002  -8.5691606441780990E-002   3.6494094492896194E-002  -8.5691606441780990E-002   3.6494094492896201E-002   3.6494094492896201E-002  -1.1726767653184316E-002  -8.5691606441780990E-002   3.6494094492896201E-002   3.6494094492896208E-002  -1.1726767653184316E-002   3.6494094492896201E-002  -1.1726767653184316E-002  -1.1726767653184316E-002   3.2192787979694487E-003   8.5691606441781004E-002   0.0000000000000000       -1.3466740284360472E-018  -5.1694579553257730E-003  -2.5712835265593931E-018  -5.1694579553257722E-003  -5.1694579553257730E-003   2.8912340077537394E-003  -3.4141324831202873E-018  -5.1694579553257730E-003  -5.1694579553257722E-003   2.8912340077537398E-003  -5.1694579553257730E-003   2.8912340077537398E-003   2.8912340077537394E-003  -1.1934094599797662E-003   8.5691606441780990E-002   1.3466740284360472E-018   0.0000000000000000       -5.1694579553257730E-003  -1.1703994411852372E-018  -5.1694579553257713E-003  -5.1694579553257730E-003   2.8912340077537394E-003  -2.0674589200111998E-018  -5.1694579553257730E-003  -5.1694579553257722E-003   2.8912340077537398E-003  -5.1694579553257730E-003   2.8912340077537398E-003   2.8912340077537394E-003  -1.1934094599797662E-003  -3.6494094492896194E-002   5.1694579553257730E-003   5.1694579553257730E-003   0.0000000000000000        5.1694579553257739E-003  -2.9500501528792267E-020  -7.3666093889956997E-020  -5.4815287412675589E-004   5.1694579553257730E-003   1.0052188354419375E-019  -2.4465750648733308E-019  -5.4815287412675600E-004   2.5730381934644233E-020  -5.4815287412675578E-004  -5.4815287412675578E-004   3.6133180707219304E-004   8.5691606441780990E-002   2.5712835265593931E-018   1.1703994411852372E-018  -5.1694579553257739E-003   0.0000000000000000       -5.1694579553257739E-003  -5.1694579553257739E-003   2.8912340077537398E-003  -8.9706573436672473E-019  -5.1694579553257739E-003  -5.1694579553257739E-003   2.8912340077537398E-003  -5.1694579553257730E-003   2.8912340077537398E-003   2.8912340077537394E-003  -1.1934094599797662E-003  -3.6494094492896201E-002   5.1694579553257722E-003   5.1694579553257713E-003   2.9500501528792267E-020   5.1694579553257739E-003   0.0000000000000000       -9.8375584663363532E-020  -5.4815287412675589E-004   5.1694579553257730E-003   1.3002247555217660E-019  -2.1515690156116145E-019  -5.4815287412675600E-004   2.8125816226404982E-020  -5.4815287412675589E-004  -5.4815287412675578E-004   3.6133180707219299E-004  -3.6494094492896201E-002   5.1694579553257730E-003   5.1694579553257730E-003   7.3666093889956997E-020   5.1694579553257739E-003   9.8375584663363532E-020   0.0000000000000000       -5.4815287412675600E-004   5.1694579553257730E-003   2.2839807394783338E-019  -1.7099141178968110E-019  -5.4815287412675600E-004   7.2291305196205242E-020  -5.4815287412675600E-004  -5.4815287412675600E-004   3.6133180707219304E-004   1.1726767653184316E-002  -2.8912340077537394E-003  -2.8912340077537394E-003   5.4815287412675589E-004  -2.8912340077537398E-003   5.4815287412675589E-004   5.4815287412675600E-004   0.0000000000000000       -2.8912340077537398E-003   5.4815287412675589E-004   5.4815287412675600E-004  -2.7414421918580841E-020   5.4815287412675578E-004  -3.6585787527625849E-020  -2.8626978019843675E-020  -7.9153898701539625E-005   8.5691606441780990E-002   3.4141324831202873E-018   2.0674589200111998E-018  -5.1694579553257730E-003   8.9706573436672473E-019  -5.1694579553257730E-003  -5.1694579553257730E-003   2.8912340077537398E-003   0.0000000000000000       -5.1694579553257730E-003  -5.1694579553257730E-003   2.8912340077537398E-003  -5.1694579553257730E-003   2.8912340077537398E-003   2.8912340077537394E-003  -1.1934094599797664E-003  -3.6494094492896201E-002   5.1694579553257730E-003   5.1694579553257730E-003  -1.0052188354419375E-019   5.1694579553257739E-003  -1.3002247555217660E-019  -2.2839807394783338E-019  -5.4815287412675589E-004   5.1694579553257730E-003   0.0000000000000000       -3.4517939084563148E-019  -5.4815287412675600E-004  -1.2900171444553023E-019  -5.4815287412675589E-004  -5.4815287412675578E-004   3.6133180707219304E-004  -3.6494094492896208E-002   5.1694579553257722E-003   5.1694579553257722E-003   2.4465750648733308E-019   5.1694579553257739E-003   2.1515690156116145E-019   1.7099141178968110E-019  -5.4815287412675600E-004   5.1694579553257730E-003   3.4517939084563148E-019   0.0000000000000000       -5.4815287412675600E-004   2.1617767559211027E-019  -5.4815287412675600E-004  -5.4815287412675600E-004   3.6133180707219299E-004   1.1726767653184316E-002  -2.8912340077537398E-003  -2.8912340077537398E-003   5.4815287412675600E-004  -2.8912340077537398E-003   5.4815287412675600E-004   5.4815287412675600E-004   2.7414421918580841E-020  -2.8912340077537398E-003   5.4815287412675600E-004   5.4815287412675600E-004   0.0000000000000000        5.4815287412675600E-004  -9.0654865285158681E-021   5.6695866078124788E-021  -7.9153898701539652E-005  -3.6494094492896201E-002   5.1694579553257730E-003   5.1694579553257730E-003  -2.5730381934644233E-020   5.1694579553257730E-003  -2.8125816226404982E-020  -7.2291305196205242E-020  -5.4815287412675578E-004   5.1694579553257730E-003   1.2900171444553023E-019  -2.1617767559211027E-019  -5.4815287412675600E-004   0.0000000000000000       -5.4815287412675578E-004  -5.4815287412675578E-004   3.6133180707219299E-004   1.1726767653184316E-002  -2.8912340077537398E-003  -2.8912340077537398E-003   5.4815287412675578E-004  -2.8912340077537398E-003   5.4815287412675589E-004   5.4815287412675600E-004   3.6585787527625849E-020  -2.8912340077537398E-003   5.4815287412675589E-004   5.4815287412675600E-004   9.0654865285158681E-021   5.4815287412675578E-004   0.0000000000000000        1.4735073035539044E-020  -7.9153898701539639E-005   1.1726767653184316E-002  -2.8912340077537394E-003  -2.8912340077537394E-003   5.4815287412675578E-004  -2.8912340077537394E-003   5.4815287412675578E-004   5.4815287412675600E-004   2.8626978019843675E-020  -2.8912340077537394E-003   5.4815287412675578E-004   5.4815287412675600E-004  -5.6695866078124788E-021   5.4815287412675578E-004  -1.4735073035539044E-020   0.0000000000000000       -7.9153898701539639E-005  -3.2192787979694487E-003   1.1934094599797662E-003   1.1934094599797662E-003  -3.6133180707219304E-004   1.1934094599797662E-003  -3.6133180707219299E-004  -3.6133180707219304E-004   7.9153898701539625E-005   1.1934094599797664E-003  -3.6133180707219304E-004  -3.6133180707219299E-004   7.9153898701539652E-005  -3.6133180707219299E-004   7.9153898701539639E-005   7.9153898701539639E-005   0.0000000000000000     
   0.0000000000000000       -2.4524228058649838E-003  -2.4524228058649760E-003   8.1930270100599133E-003  -2.4524228058649821E-003   8.1930270100599133E-003   8.1930270100599115E-003  -3.5944679050129548E-003  -2.4524228058649708E-003   8.1930270100599115E-003   8.1930270100599115E-003  -3.5944679050129540E-003   8.1930270100599133E-003  -3.5944679050129531E-003  -3.5944679050129522E-003   1.9741328627444327E-003   2.4524228058649838E-003   0.0000000000000000       -3.8354105887275993E-019  -1.1128717152098968E-003  -5.3313897795931809E-019  -1.1128717152098960E-003  -1.1128717152098964E-003   6.1853079319663224E-004  -2.1637026925820950E-018  -1.1128717152098962E-003  -1.1128717152098962E-003   6.1853079319663191E-004  -1.1128717152098968E-003   6.1853079319663170E-004   6.1853079319663170E-004  -3.4215296164819882E-004   2.4524228058649760E-003   3.8354105887275993E-019   0.0000000000000000       -1.1128717152098966E-003  -5.8282856908200966E-019  -1.1128717152098957E-003  -1.1128717152098964E-003   6.1853079319663213E-004  -2.2104808405931366E-018  -1.1128717152098962E-003  -1.1128717152098962E-003   6.1853079319663170E-004  -1.1128717152098966E-003   6.1853079319663159E-004   6.1853079319663170E-004  -3.4215296164819876E-004  -8.1930270100599133E-003   1.1128717152098968E-003   1.1128717152098966E-003   0.0000000000000000        1.1128717152098970E-003  -2.0189088065363569E-019  -1.2520514310606828E-019  -8.0903656138607999E-005   1.1128717152098970E-003  -1.2036824346910533E-019  -1.2694760952263655E-019  -8.0903656138607837E-005   6.5043643387400913E-020  -8.0903656138607796E-005  -8.0903656138607823E-005   6.4683719792282382E-005   2.4524228058649821E-003   5.3313897795931809E-019   5.8282856908200966E-019  -1.1128717152098970E-003   0.0000000000000000       -1.1128717152098962E-003  -1.1128717152098966E-003   6.1853079319663235E-004  -1.6377901970985888E-018  -1.1128717152098964E-003  -1.1128717152098964E-003   6.1853079319663202E-004  -1.1128717152098970E-003   6.1853079319663191E-004   6.1853079319663191E-004  -3.4215296164819887E-004  -8.1930270100599133E-003   1.1128717152098960E-003   1.1128717152098957E-003   2.0189088065363569E-019   1.1128717152098962E-003   0.0000000000000000        8.9338240498390229E-020  -8.0903656138608094E-005   1.1128717152098964E-003   8.1709538010323635E-020   7.4944873807635473E-020  -8.0903656138607959E-005   2.6436696472191941E-019  -8.0903656138607877E-005  -8.0903656138607959E-005   6.4683719792282422E-005  -8.1930270100599115E-003   1.1128717152098964E-003   1.1128717152098964E-003   1.2520514310606828E-019   1.1128717152098966E-003  -8.9338240498390229E-020   0.0000000000000000       -8.0903656138608040E-005   1.1128717152098966E-003  -7.6054897321268218E-021  -1.0821552338161430E-020  -8.0903656138607891E-005   1.7757147459923970E-019  -8.0903656138607837E-005  -8.0903656138607891E-005   6.4683719792282409E-005   3.5944679050129548E-003  -6.1853079319663224E-004  -6.1853079319663213E-004   8.0903656138607999E-005  -6.1853079319663235E-004   8.0903656138608094E-005   8.0903656138608040E-005   0.0000000000000000       -6.1853079319663246E-004   8.0903656138608067E-005   8.0903656138608067E-005  -5.0554200255419452E-020   8.0903656138607972E-005  -7.6140270542786181E-020  -5.6012467786859753E-020  -1.0816887951879750E-005   2.4524228058649708E-003   2.1637026925820950E-018   2.2104808405931366E-018  -1.1128717152098970E-003   1.6377901970985888E-018  -1.1128717152098964E-003  -1.1128717152098966E-003   6.1853079319663246E-004   0.0000000000000000       -1.1128717152098964E-003  -1.1128717152098964E-003   6.1853079319663213E-004  -1.1128717152098970E-003   6.1853079319663191E-004   6.1853079319663191E-004  -3.4215296164819887E-004  -8.1930270100599115E-003   1.1128717152098962E-003   1.1128717152098962E-003   1.2036824346910533E-019   1.1128717152098964E-003  -8.1709538010323635E-020   7.6054897321268218E-021  -8.0903656138608067E-005   1.1128717152098964E-003   0.0000000000000000       -6.7895313198530558E-021  -8.0903656138607932E-005   1.8623249849177248E-019  -8.0903656138607891E-005  -8.0903656138607918E-005   6.4683719792282409E-005  -8.1930270100599115E-003   1.1128717152098962E-003   1.1128717152098962E-003   1.2694760952263655E-019   1.1128717152098964E-003  -7.4944873807635473E-020   1.0821552338161430E-020  -8.0903656138608067E-005   1.1128717152098964E-003   6.7895313198530558E-021   0.0000000000000000       -8.0903656138607918E-005   1.9286481380907395E-019  -8.0903656138607864E-005  -8.0903656138607918E-005   6.4683719792282409E-005   3.5944679050129540E-003  -6.1853079319663191E-004  -6.1853079319663170E-004   8.0903656138607837E-005  -6.1853079319663202E-004   8.0903656138607959E-005   8.0903656138607891E-005   5.0554200255419452E-020  -6.1853079319663213E-004   8.0903656138607932E-005   8.0903656138607918E-005   0.0000000000000000        8.0903656138607810E-005  -2.4858170710122129E-020  -4.2937265011807060E-021  -1.0816887951879776E-005  -8.1930270100599133E-003   1.1128717152098968E-003   1.1128717152098966E-003  -6.5043643387400913E-020   1.1128717152098970E-003  -2.6436696472191941E-019  -1.7757147459923970E-019  -8.0903656138607972E-005   1.1128717152098970E-003  -1.8623249849177248E-019  -1.9286481380907395E-019  -8.0903656138607810E-005   0.0000000000000000       -8.0903656138607742E-005  -8.0903656138607810E-005   6.4683719792282354E-005   3.5944679050129531E-003  -6.1853079319663170E-004  -6.1853079319663159E-004   8.0903656138607796E-005  -6.1853079319663191E-004   8.0903656138607877E-005   8.0903656138607837E-005   7.6140270542786181E-020  -6.1853079319663191E-004   8.0903656138607891E-005   8.0903656138607864E-005   2.4858170710122129E-020   8.0903656138607742E-005   0.0000000000000000        2.0564554113043554E-020  -1.0816887951879777E-005   3.5944679050129522E-003  -6.1853079319663170E-004  -6.1853079319663170E-004   8.0903656138607823E-005  -6.1853079319663191E-004   8.0903656138607959E-005   8.0903656138607891E-005   5.6012467786859753E-020  -6.1853079319663191E-004   8.0903656138607918E-005   8.0903656138607918E-005   4.2937265011807060E-021   8.0903656138607810E-005  -2.0564554113043554E-020   0.0000000000000000       -1.0816887951879771E-005  -1.9741328627444327E-003   3.4215296164819882E-004   3.4215296164819876E-004  -6.4683719792282382E-005   3.4215296164819887E-004  -6.4683719792282422E-005  -6.4683719792282409E-005   1.0816887951879750E-005   3.4215296164819887E-004  -6.4683719792282409E-005  -6.4683719792282409E-005   1.0816887951879776E-005  -6.4683719792282354E-005   1.0816887951879777E-005   1.0816887951879771E-005   0.0000000000000000     
   0.0000000000000000       0.11609924655218955       0.11609924655218955       -3.9554764646073666E-002  0.11609924655218955       -3.9554764646073666E-002  -3.9554764646073673E-002   1.7596087639557126E-002  0.11609924655218958       -3.9554764646073666E-002  -3.9554764646073673E-002   1.7596087639557129E-002  -3.9554764646073666E-002   1.7596087639557136E-002   1.7596087639557129E-002  -6.6822510196894733E-003 -0.11609924655218955        0.0000000000000000        2.5565536644849751E-018   3.2444063476617137E-003   3.6593635747077316E-018   3.2444063476617137E-003   3.2444063476617132E-003  -2.6722601672132941E-003  -1.6015181933939914E-018   3.2444063476617132E-003   3.2444063476617132E-003  -2.6722601672132945E-003   3.2444063476617128E-003  -2.6722601672132945E-003  -2.6722601672132945E-003   1.4289339571953445E-003 -0.11609924655218955       -2.5565536644849751E-018   0.0000000000000000        3.2444063476617141E-003   1.2065698500613214E-018   3.2444063476617141E-003   3.2444063476617137E-003  -2.6722601672132941E-003  -2.3151136607137799E-018   3.2444063476617137E-003   3.2444063476617137E-003  -2.6722601672132945E-003   3.2444063476617137E-003  -2.6722601672132945E-003  -2.6722601672132949E-003   1.4289339571953445E-003   3.9554764646073666E-002  -3.2444063476617137E-003  -3.2444063476617141E-003   0.0000000000000000       -3.2444063476617145E-003  -4.6237153696458146E-020   2.8525279344808773E-020   4.9296086320509570E-004  -3.2444063476617137E-003   5.2972745840243663E-020   3.8790345024108520E-020   4.9296086320509580E-004   1.9833998628824995E-019   4.9296086320509591E-004   4.9296086320509591E-004  -3.6128409759339698E-004 -0.11609924655218955       -3.6593635747077316E-018  -1.2065698500613214E-018   3.2444063476617145E-003   0.0000000000000000        3.2444063476617145E-003   3.2444063476617141E-003  -2.6722601672132945E-003  -3.5255230242807340E-018   3.2444063476617141E-003   3.2444063476617141E-003  -2.6722601672132949E-003   3.2444063476617137E-003  -2.6722601672132949E-003  -2.6722601672132954E-003   1.4289339571953445E-003   3.9554764646073666E-002  -3.2444063476617137E-003  -3.2444063476617141E-003   4.6237153696458146E-020  -3.2444063476617145E-003   0.0000000000000000        7.4758710725262494E-020   4.9296086320509580E-004  -3.2444063476617141E-003   1.0005315342685698E-019   9.6088152561203537E-020   4.9296086320509591E-004   2.5894691209430009E-019   4.9296086320509591E-004   4.9296086320509580E-004  -3.6128409759339698E-004   3.9554764646073673E-002  -3.2444063476617132E-003  -3.2444063476617137E-003  -2.8525279344808773E-020  -3.2444063476617141E-003  -7.4758710725262494E-020   0.0000000000000000        4.9296086320509570E-004  -3.2444063476617137E-003   2.5218413368985094E-020   2.1253341219493713E-020   4.9296086320509580E-004   1.8334446119978303E-019   4.9296086320509591E-004   4.9296086320509580E-004  -3.6128409759339703E-004  -1.7596087639557126E-002   2.6722601672132941E-003   2.6722601672132941E-003  -4.9296086320509570E-004   2.6722601672132945E-003  -4.9296086320509580E-004  -4.9296086320509570E-004   0.0000000000000000        2.6722601672132945E-003  -4.9296086320509580E-004  -4.9296086320509570E-004   1.3125178804157042E-020  -4.9296086320509580E-004  -3.1436449577595855E-020  -5.8349116119995551E-022   7.6043698292785632E-005 -0.11609924655218958        1.6015181933939914E-018   2.3151136607137799E-018   3.2444063476617137E-003   3.5255230242807340E-018   3.2444063476617141E-003   3.2444063476617137E-003  -2.6722601672132945E-003   0.0000000000000000        3.2444063476617137E-003   3.2444063476617137E-003  -2.6722601672132949E-003   3.2444063476617137E-003  -2.6722601672132949E-003  -2.6722601672132954E-003   1.4289339571953445E-003   3.9554764646073666E-002  -3.2444063476617132E-003  -3.2444063476617137E-003  -5.2972745840243663E-020  -3.2444063476617141E-003  -1.0005315342685698E-019  -2.5218413368985094E-020   4.9296086320509580E-004  -3.2444063476617137E-003   0.0000000000000000       -4.0179987744358973E-021   4.9296086320509591E-004   1.5892346266395529E-019   4.9296086320509602E-004   4.9296086320509580E-004  -3.6128409759339709E-004   3.9554764646073673E-002  -3.2444063476617132E-003  -3.2444063476617137E-003  -3.8790345024108520E-020  -3.2444063476617141E-003  -9.6088152561203537E-020  -2.1253341219493713E-020   4.9296086320509570E-004  -3.2444063476617137E-003   4.0179987744358973E-021   0.0000000000000000        4.9296086320509570E-004   1.6209407953703321E-019   4.9296086320509591E-004   4.9296086320509580E-004  -3.6128409759339709E-004  -1.7596087639557129E-002   2.6722601672132945E-003   2.6722601672132945E-003  -4.9296086320509580E-004   2.6722601672132949E-003  -4.9296086320509591E-004  -4.9296086320509580E-004  -1.3125178804157042E-020   2.6722601672132949E-003  -4.9296086320509591E-004  -4.9296086320509570E-004   0.0000000000000000       -4.9296086320509580E-004  -4.7738001930110824E-020  -1.7047167724361616E-020   7.6043698292785632E-005   3.9554764646073666E-002  -3.2444063476617128E-003  -3.2444063476617137E-003  -1.9833998628824995E-019  -3.2444063476617137E-003  -2.5894691209430009E-019  -1.8334446119978303E-019   4.9296086320509580E-004  -3.2444063476617137E-003  -1.5892346266395529E-019  -1.6209407953703321E-019   4.9296086320509580E-004   0.0000000000000000        4.9296086320509591E-004   4.9296086320509580E-004  -3.6128409759339709E-004  -1.7596087639557136E-002   2.6722601672132945E-003   2.6722601672132945E-003  -4.9296086320509591E-004   2.6722601672132949E-003  -4.9296086320509591E-004  -4.9296086320509591E-004   3.1436449577595855E-020   2.6722601672132949E-003  -4.9296086320509602E-004  -4.9296086320509591E-004   4.7738001930110824E-020  -4.9296086320509591E-004   0.0000000000000000        2.7517743542231000E-020   7.6043698292785632E-005  -1.7596087639557129E-002   2.6722601672132945E-003   2.6722601672132949E-003  -4.9296086320509591E-004   2.6722601672132954E-003  -4.9296086320509580E-004  -4.9296086320509580E-004   5.8349116119995551E-022   2.6722601672132954E-003  -4.9296086320509580E-004  -4.9296086320509580E-004   1.7047167724361616E-020  -4.9296086320509580E-004  -2.7517743542231000E-020   0.0000000000000000        7.6043698292785645E-005   6.6822510196894733E-003  -1.4289339571953445E-003  -1.4289339571953445E-003   3.6128409759339698E-004  -1.4289339571953445E-003   3.6128409759339698E-004   3.6128409759339703E-004  -7.6043698292785632E-005  -1.4289339571953445E-003   3.6128409759339709E-004   3.6128409759339709E-004  -7.6043698292785632E-005   3.6128409759339709E-004  -7.6043698292785632E-005  -7.6043698292785645E-005   0.0000000000000000     
