   0.0000000000000000        5.3807895828243850E-002   5.3807895828243878E-002  -7.0310168773825232E-002   5.3807895828243878E-002  -7.0310168773825232E-002  -7.0310168773825218E-002   5.3807895828243871E-002   5.3807895828243871E-002  -7.0310168773825218E-002  -7.0310168773825232E-002   5.3807895828243878E-002  -7.0310168773825232E-002   5.3807895828243878E-002   5.3807895828243850E-002   0.0000000000000000       -5.3807895828243850E-002   0.0000000000000000        0.0000000000000000       -2.3433824824545549E-002   0.0000000000000000       -2.3433824824545549E-002  -2.3433824824545549E-002  -1.7347234759768071E-018  -1.7347234759768071E-018  -2.3433824824545549E-002  -2.3433824824545549E-002   0.0000000000000000       -2.3433824824545549E-002   0.0000000000000000        0.0000000000000000       -5.3807895828243850E-002  -5.3807895828243878E-002   0.0000000000000000        0.0000000000000000       -2.3433824824545556E-002   0.0000000000000000       -2.3433824824545559E-002  -2.3433824824545556E-002  -1.7347234759768071E-018  -1.7347234759768071E-018  -2.3433824824545556E-002  -2.3433824824545559E-002   0.0000000000000000       -2.3433824824545556E-002   0.0000000000000000        0.0000000000000000       -5.3807895828243878E-002   7.0310168773825232E-002   2.3433824824545549E-002   2.3433824824545556E-002   0.0000000000000000        2.3433824824545556E-002   6.9388939039072284E-018   1.2143064331837650E-017   2.3433824824545556E-002   2.3433824824545556E-002   1.2143064331837650E-017   6.9388939039072284E-018   2.3433824824545556E-002   0.0000000000000000        2.3433824824545556E-002   2.3433824824545549E-002   7.0310168773825232E-002  -5.3807895828243878E-002   0.0000000000000000        0.0000000000000000       -2.3433824824545556E-002   0.0000000000000000       -2.3433824824545559E-002  -2.3433824824545556E-002  -1.7347234759768071E-018  -1.7347234759768071E-018  -2.3433824824545556E-002  -2.3433824824545559E-002   0.0000000000000000       -2.3433824824545556E-002   0.0000000000000000        0.0000000000000000       -5.3807895828243878E-002   7.0310168773825232E-002   2.3433824824545549E-002   2.3433824824545559E-002  -6.9388939039072284E-018   2.3433824824545559E-002   0.0000000000000000        6.9388939039072284E-018   2.3433824824545559E-002   2.3433824824545559E-002   6.9388939039072284E-018   0.0000000000000000        2.3433824824545559E-002  -6.9388939039072284E-018   2.3433824824545559E-002   2.3433824824545549E-002   7.0310168773825232E-002   7.0310168773825218E-002   2.3433824824545549E-002   2.3433824824545556E-002  -1.2143064331837650E-017   2.3433824824545556E-002  -6.9388939039072284E-018   0.0000000000000000        2.3433824824545556E-002   2.3433824824545556E-002   0.0000000000000000       -6.9388939039072284E-018   2.3433824824545556E-002  -1.2143064331837650E-017   2.3433824824545556E-002   2.3433824824545549E-002   7.0310168773825218E-002  -5.3807895828243871E-002   1.7347234759768071E-018   1.7347234759768071E-018  -2.3433824824545556E-002   1.7347234759768071E-018  -2.3433824824545559E-002  -2.3433824824545556E-002   0.0000000000000000        0.0000000000000000       -2.3433824824545556E-002  -2.3433824824545559E-002   1.7347234759768071E-018  -2.3433824824545556E-002   1.7347234759768071E-018   1.7347234759768071E-018  -5.3807895828243871E-002  -5.3807895828243871E-002   1.7347234759768071E-018   1.7347234759768071E-018  -2.3433824824545556E-002   1.7347234759768071E-018  -2.3433824824545559E-002  -2.3433824824545556E-002   0.0000000000000000        0.0000000000000000       -2.3433824824545556E-002  -2.3433824824545559E-002   1.7347234759768071E-018  -2.3433824824545556E-002   1.7347234759768071E-018   1.7347234759768071E-018  -5.3807895828243871E-002   7.0310168773825218E-002   2.3433824824545549E-002   2.3433824824545556E-002  -1.2143064331837650E-017   2.3433824824545556E-002  -6.9388939039072284E-018   0.0000000000000000        2.3433824824545556E-002   2.3433824824545556E-002   0.0000000000000000       -6.9388939039072284E-018   2.3433824824545556E-002  -1.2143064331837650E-017   2.3433824824545556E-002   2.3433824824545549E-002   7.0310168773825218E-002   7.0310168773825232E-002   2.3433824824545549E-002   2.3433824824545559E-002  -6.9388939039072284E-018   2.3433824824545559E-002   0.0000000000000000        6.9388939039072284E-018   2.3433824824545559E-002   2.3433824824545559E-002   6.9388939039072284E-018   0.0000000000000000        2.3433824824545559E-002  -6.9388939039072284E-018   2.3433824824545559E-002   2.3433824824545549E-002   7.0310168773825232E-002  -5.3807895828243878E-002   0.0000000000000000        0.0000000000000000       -2.3433824824545556E-002   0.0000000000000000       -2.3433824824545559E-002  -2.3433824824545556E-002  -1.7347234759768071E-018  -1.7347234759768071E-018  -2.3433824824545556E-002  -2.3433824824545559E-002   0.0000000000000000       -2.3433824824545556E-002   0.0000000000000000        0.0000000000000000       -5.3807895828243878E-002   7.0310168773825232E-002   2.3433824824545549E-002   2.3433824824545556E-002   0.0000000000000000        2.3433824824545556E-002   6.9388939039072284E-018   1.2143064331837650E-017   2.3433824824545556E-002   2.3433824824545556E-002   1.2143064331837650E-017   6.9388939039072284E-018   2.3433824824545556E-002   0.0000000000000000        2.3433824824545556E-002   2.3433824824545549E-002   7.0310168773825232E-002  -5.3807895828243878E-002   0.0000000000000000        0.0000000000000000       -2.3433824824545556E-002   0.0000000000000000       -2.3433824824545559E-002  -2.3433824824545556E-002  -1.7347234759768071E-018  -1.7347234759768071E-018  -2.3433824824545556E-002  -2.3433824824545559E-002   0.0000000000000000       -2.3433824824545556E-002   0.0000000000000000        0.0000000000000000       -5.3807895828243878E-002  -5.3807895828243850E-002   0.0000000000000000        0.0000000000000000       -2.3433824824545549E-002   0.0000000000000000       -2.3433824824545549E-002  -2.3433824824545549E-002  -1.7347234759768071E-018  -1.7347234759768071E-018  -2.3433824824545549E-002  -2.3433824824545549E-002   0.0000000000000000       -2.3433824824545549E-002   0.0000000000000000        0.0000000000000000       -5.3807895828243850E-002   0.0000000000000000        5.3807895828243850E-002   5.3807895828243878E-002  -7.0310168773825232E-002   5.3807895828243878E-002  -7.0310168773825232E-002  -7.0310168773825218E-002   5.3807895828243871E-002   5.3807895828243871E-002  -7.0310168773825218E-002  -7.0310168773825232E-002   5.3807895828243878E-002  -7.0310168773825232E-002   5.3807895828243878E-002   5.3807895828243850E-002   0.0000000000000000     
   0.0000000000000000       -6.4134196687478121E-002  -6.4134196687478162E-002  -8.0811837163459688E-002  -6.4134196687478162E-002  -8.0811837163459688E-002  -8.0811837163459688E-002  -4.8245460604084524E-003  -6.4134196687478162E-002  -8.0811837163459702E-002  -8.0811837163459702E-002  -4.8245460604084706E-003  -8.0811837163459702E-002  -4.8245460604084767E-003  -4.8245460604084724E-003   4.1883593816546730E-002   6.4134196687478121E-002   0.0000000000000000        3.4600805934337087E-018  -2.3720114924007933E-002   3.4804043030965383E-018  -2.3720114924007930E-002  -2.3720114924007930E-002  -3.8714765154488053E-002   4.7637917907541373E-018  -2.3720114924007930E-002  -2.3720114924007930E-002  -3.8714765154488053E-002  -2.3720114924007933E-002  -3.8714765154488053E-002  -3.8714765154488053E-002  -2.9643510042157192E-002   6.4134196687478162E-002  -3.4600805934337087E-018   0.0000000000000000       -2.3720114924007947E-002   2.0320414067419304E-020  -2.3720114924007940E-002  -2.3720114924007944E-002  -3.8714765154488066E-002   1.7373920660621948E-018  -2.3720114924007940E-002  -2.3720114924007944E-002  -3.8714765154488059E-002  -2.3720114924007944E-002  -3.8714765154488059E-002  -3.8714765154488059E-002  -2.9643510042157227E-002   8.0811837163459688E-002   2.3720114924007933E-002   2.3720114924007947E-002   0.0000000000000000        2.3720114924007947E-002   6.0862013391704260E-018   1.0862924953461405E-017  -1.5063774341860179E-002   2.3720114924007940E-002   8.2942120824395750E-018   4.3094185570409718E-018  -1.5063774341860167E-002   8.7502144193737918E-019  -1.5063774341860167E-002  -1.5063774341860167E-002  -4.6554427556410968E-002   6.4134196687478162E-002  -3.4804043030965383E-018  -2.0320414067419304E-020  -2.3720114924007947E-002   0.0000000000000000       -2.3720114924007940E-002  -2.3720114924007944E-002  -3.8714765154488066E-002   1.7102920928213309E-018  -2.3720114924007940E-002  -2.3720114924007944E-002  -3.8714765154488059E-002  -2.3720114924007944E-002  -3.8714765154488059E-002  -3.8714765154488059E-002  -2.9643510042157227E-002   8.0811837163459688E-002   2.3720114924007930E-002   2.3720114924007940E-002  -6.0862013391704260E-018   2.3720114924007940E-002   0.0000000000000000        4.7766704162378469E-018  -1.5063774341860176E-002   2.3720114924007940E-002   2.2215632192305232E-018  -1.7632300477751235E-018  -1.5063774341860167E-002  -5.1908511585014443E-018  -1.5063774341860164E-002  -1.5063774341860164E-002  -4.6554427556410961E-002   8.0811837163459688E-002   2.3720114924007930E-002   2.3720114924007944E-002  -1.0862924953461405E-017   2.3720114924007944E-002  -4.7766704162378469E-018   0.0000000000000000       -1.5063774341860174E-002   2.3720114924007940E-002  -2.5687126641264927E-018  -6.5534531984658840E-018  -1.5063774341860165E-002  -9.9878505718646254E-018  -1.5063774341860162E-002  -1.5063774341860162E-002  -4.6554427556410961E-002   4.8245460604084524E-003   3.8714765154488053E-002   3.8714765154488066E-002   1.5063774341860179E-002   3.8714765154488066E-002   1.5063774341860176E-002   1.5063774341860174E-002   0.0000000000000000        3.8714765154488059E-002   1.5063774341860174E-002   1.5063774341860181E-002  -1.7366515714789709E-018   1.5063774341860181E-002  -1.9783276496550918E-018  -2.8999285390946540E-018   3.2263782240854028E-003   6.4134196687478162E-002  -4.7637917907541373E-018  -1.7373920660621948E-018  -2.3720114924007940E-002  -1.7102920928213309E-018  -2.3720114924007940E-002  -2.3720114924007940E-002  -3.8714765154488059E-002   0.0000000000000000       -2.3720114924007937E-002  -2.3720114924007944E-002  -3.8714765154488053E-002  -2.3720114924007944E-002  -3.8714765154488053E-002  -3.8714765154488053E-002  -2.9643510042157206E-002   8.0811837163459702E-002   2.3720114924007930E-002   2.3720114924007940E-002  -8.2942120824395750E-018   2.3720114924007940E-002  -2.2215632192305232E-018   2.5687126641264927E-018  -1.5063774341860174E-002   2.3720114924007937E-002   0.0000000000000000       -3.9983458070864010E-018  -1.5063774341860165E-002  -7.4259671755028140E-018  -1.5063774341860160E-002  -1.5063774341860160E-002  -4.6554427556410961E-002   8.0811837163459702E-002   2.3720114924007930E-002   2.3720114924007944E-002  -4.3094185570409718E-018   2.3720114924007944E-002   1.7632300477751235E-018   6.5534531984658840E-018  -1.5063774341860181E-002   2.3720114924007944E-002   3.9983458070864010E-018   0.0000000000000000       -1.5063774341860169E-002  -3.4276209548253178E-018  -1.5063774341860169E-002  -1.5063774341860169E-002  -4.6554427556410968E-002   4.8245460604084706E-003   3.8714765154488053E-002   3.8714765154488059E-002   1.5063774341860167E-002   3.8714765154488059E-002   1.5063774341860167E-002   1.5063774341860165E-002   1.7366515714789709E-018   3.8714765154488053E-002   1.5063774341860165E-002   1.5063774341860169E-002   0.0000000000000000        1.5063774341860169E-002  -2.4835642871201831E-020  -9.4643694747879290E-019   3.2263782240853933E-003   8.0811837163459702E-002   2.3720114924007933E-002   2.3720114924007944E-002  -8.7502144193737918E-019   2.3720114924007944E-002   5.1908511585014443E-018   9.9878505718646254E-018  -1.5063774341860181E-002   2.3720114924007944E-002   7.4259671755028140E-018   3.4276209548253178E-018  -1.5063774341860169E-002   0.0000000000000000       -1.5063774341860169E-002  -1.5063774341860169E-002  -4.6554427556410968E-002   4.8245460604084767E-003   3.8714765154488053E-002   3.8714765154488059E-002   1.5063774341860167E-002   3.8714765154488059E-002   1.5063774341860164E-002   1.5063774341860162E-002   1.9783276496550918E-018   3.8714765154488053E-002   1.5063774341860160E-002   1.5063774341860169E-002   2.4835642871201831E-020   1.5063774341860169E-002   0.0000000000000000       -1.1380178082589481E-018   3.2263782240853933E-003   4.8245460604084724E-003   3.8714765154488053E-002   3.8714765154488059E-002   1.5063774341860167E-002   3.8714765154488059E-002   1.5063774341860164E-002   1.5063774341860162E-002   2.8999285390946540E-018   3.8714765154488053E-002   1.5063774341860160E-002   1.5063774341860169E-002   9.4643694747879290E-019   1.5063774341860169E-002   1.1380178082589481E-018   0.0000000000000000        3.2263782240853950E-003  -4.1883593816546730E-002   2.9643510042157192E-002   2.9643510042157227E-002   4.6554427556410968E-002   2.9643510042157227E-002   4.6554427556410961E-002   4.6554427556410961E-002  -3.2263782240854028E-003   2.9643510042157206E-002   4.6554427556410961E-002   4.6554427556410968E-002  -3.2263782240853933E-003   4.6554427556410968E-002  -3.2263782240853933E-003  -3.2263782240853950E-003   0.0000000000000000     
   0.0000000000000000        3.4601235269153208E-002   3.4601235269153249E-002   5.9119656633466675E-003   3.4601235269153235E-002   5.9119656633466085E-003   5.9119656633466050E-003  -1.6508563667652257E-002   3.4601235269153235E-002   5.9119656633466267E-003   5.9119656633466579E-003  -1.6508563667652236E-002   5.9119656633466579E-003  -1.6508563667652229E-002  -1.6508563667652239E-002  -2.4305749153457193E-002  -3.4601235269153208E-002   0.0000000000000000        4.1262781663211628E-019   2.3940678716325068E-003   2.2710273186388835E-018   2.3940678716325072E-003   2.3940678716325081E-003  -2.3508929024438547E-003  -1.4043014117350572E-019   2.3940678716325068E-003   2.3940678716325072E-003  -2.3508929024438538E-003   2.3940678716325068E-003  -2.3508929024438551E-003  -2.3508929024438547E-003   9.2584986181893161E-004  -3.4601235269153249E-002  -4.1262781663211628E-019   0.0000000000000000        2.3940678716325159E-003   1.8584011555586211E-018   2.3940678716325163E-003   2.3940678716325176E-003  -2.3508929024438504E-003  -7.1949951895663094E-019   2.3940678716325159E-003   2.3940678716325163E-003  -2.3508929024438495E-003   2.3940678716325163E-003  -2.3508929024438508E-003  -2.3508929024438508E-003   9.2584986181890744E-004  -5.9119656633466675E-003  -2.3940678716325068E-003  -2.3940678716325159E-003   0.0000000000000000       -2.3940678716325142E-003   4.2280398489607020E-018   5.2845826294695855E-018   2.2889151684160110E-003  -2.3940678716325089E-003   1.6282704833795870E-018   4.7433765278172576E-019   2.2889151684160080E-003   1.8554435848824892E-019   2.2889151684160071E-003   2.2889151684160067E-003   8.6865832351133292E-005  -3.4601235269153235E-002  -2.2710273186388835E-018  -1.8584011555586211E-018   2.3940678716325142E-003   0.0000000000000000        2.3940678716325150E-003   2.3940678716325163E-003  -2.3508929024438517E-003  -2.4690557000229444E-018   2.3940678716325146E-003   2.3940678716325150E-003  -2.3508929024438508E-003   2.3940678716325146E-003  -2.3508929024438521E-003  -2.3508929024438521E-003   9.2584986181890971E-004  -5.9119656633466085E-003  -2.3940678716325072E-003  -2.3940678716325163E-003  -4.2280398489607020E-018  -2.3940678716325150E-003   0.0000000000000000        1.0929387468474758E-018   2.2889151684160102E-003  -2.3940678716325094E-003  -2.6006412139467699E-018  -3.6393262785452980E-018   2.2889151684160080E-003  -3.9213433156725912E-018   2.2889151684160067E-003   2.2889151684160071E-003   8.6865832351135609E-005  -5.9119656633466050E-003  -2.3940678716325081E-003  -2.3940678716325176E-003  -5.2845826294695855E-018  -2.3940678716325163E-003  -1.0929387468474758E-018   0.0000000000000000        2.2889151684160110E-003  -2.3940678716325107E-003  -3.6563105111150423E-018  -4.8551112466496114E-018   2.2889151684160089E-003  -5.1388223820344179E-018   2.2889151684160080E-003   2.2889151684160080E-003   8.6865832351138008E-005   1.6508563667652257E-002   2.3508929024438547E-003   2.3508929024438504E-003  -2.2889151684160110E-003   2.3508929024438517E-003  -2.2889151684160102E-003  -2.2889151684160110E-003   0.0000000000000000        2.3508929024438538E-003  -2.2889151684160058E-003  -2.2889151684160102E-003   2.3481169411964766E-018  -2.2889151684160093E-003   4.5734264921055146E-019   5.5938999073719261E-019   2.3185469539504042E-003  -3.4601235269153235E-002   1.4043014117350572E-019   7.1949951895663094E-019   2.3940678716325089E-003   2.4690557000229444E-018   2.3940678716325094E-003   2.3940678716325107E-003  -2.3508929024438538E-003   0.0000000000000000        2.3940678716325098E-003   2.3940678716325089E-003  -2.3508929024438534E-003   2.3940678716325094E-003  -2.3508929024438543E-003  -2.3508929024438543E-003   9.2584986181892652E-004  -5.9119656633466267E-003  -2.3940678716325068E-003  -2.3940678716325159E-003  -1.6282704833795870E-018  -2.3940678716325146E-003   2.6006412139467699E-018   3.6563105111150423E-018   2.2889151684160058E-003  -2.3940678716325098E-003   0.0000000000000000       -1.1462582488737915E-018   2.2889151684160041E-003  -1.7535359377980242E-018   2.2889151684160028E-003   2.2889151684160032E-003   8.6865832351138212E-005  -5.9119656633466579E-003  -2.3940678716325072E-003  -2.3940678716325163E-003  -4.7433765278172576E-019  -2.3940678716325150E-003   3.6393262785452980E-018   4.8551112466496114E-018   2.2889151684160102E-003  -2.3940678716325089E-003   1.1462582488737915E-018   0.0000000000000000        2.2889151684160076E-003  -8.4021174939312061E-019   2.2889151684160067E-003   2.2889151684160067E-003   8.6865832351134566E-005   1.6508563667652236E-002   2.3508929024438538E-003   2.3508929024438495E-003  -2.2889151684160080E-003   2.3508929024438508E-003  -2.2889151684160080E-003  -2.2889151684160089E-003  -2.3481169411964766E-018   2.3508929024438534E-003  -2.2889151684160041E-003  -2.2889151684160076E-003   0.0000000000000000       -2.2889151684160076E-003  -1.8365508450742729E-018  -2.0051438168849439E-018   2.3185469539504055E-003  -5.9119656633466579E-003  -2.3940678716325068E-003  -2.3940678716325163E-003  -1.8554435848824892E-019  -2.3940678716325146E-003   3.9213433156725912E-018   5.1388223820344179E-018   2.2889151684160093E-003  -2.3940678716325094E-003   1.7535359377980242E-018   8.4021174939312061E-019   2.2889151684160076E-003   0.0000000000000000        2.2889151684160063E-003   2.2889151684160063E-003   8.6865832351133427E-005   1.6508563667652229E-002   2.3508929024438551E-003   2.3508929024438508E-003  -2.2889151684160071E-003   2.3508929024438521E-003  -2.2889151684160067E-003  -2.2889151684160080E-003  -4.5734264921055146E-019   2.3508929024438543E-003  -2.2889151684160028E-003  -2.2889151684160067E-003   1.8365508450742729E-018  -2.2889151684160063E-003   0.0000000000000000        8.2128418685083819E-020   2.3185469539503995E-003   1.6508563667652239E-002   2.3508929024438547E-003   2.3508929024438508E-003  -2.2889151684160067E-003   2.3508929024438521E-003  -2.2889151684160071E-003  -2.2889151684160080E-003  -5.5938999073719261E-019   2.3508929024438543E-003  -2.2889151684160032E-003  -2.2889151684160067E-003   2.0051438168849439E-018  -2.2889151684160063E-003  -8.2128418685083819E-020   0.0000000000000000        2.3185469539503977E-003   2.4305749153457193E-002  -9.2584986181893161E-004  -9.2584986181890744E-004  -8.6865832351133292E-005  -9.2584986181890971E-004  -8.6865832351135609E-005  -8.6865832351138008E-005  -2.3185469539504042E-003  -9.2584986181892652E-004  -8.6865832351138212E-005  -8.6865832351134566E-005  -2.3185469539504055E-003  -8.6865832351133427E-005  -2.3185469539503995E-003  -2.3185469539503977E-003   0.0000000000000000     
   0.0000000000000000        4.5462810470413124E-002   4.5462810470413180E-002   9.7283846010165362E-002   4.5462810470413152E-002   9.7283846010165390E-002   9.7283846010165445E-002   8.5775455997854355E-003   4.5462810470413090E-002   9.7283846010165403E-002   9.7283846010165417E-002   8.5775455997854338E-003   9.7283846010165362E-002   8.5775455997854494E-003   8.5775455997854407E-003   1.1916852403866172E-002  -4.5462810470413124E-002   0.0000000000000000       -8.8606744479334576E-019   2.4417857332082286E-002  -7.1992725083094619E-018   2.4417857332082293E-002   2.4417857332082297E-002   1.6080265914767997E-002  -1.3097519463989681E-018   2.4417857332082297E-002   2.4417857332082297E-002   1.6080265914767990E-002   2.4417857332082290E-002   1.6080265914768001E-002   1.6080265914768001E-002   3.5813509325304210E-003  -4.5462810470413180E-002   8.8606744479334576E-019   0.0000000000000000        2.4417857332082245E-002  -9.2679744480733723E-018   2.4417857332082248E-002   2.4417857332082252E-002   1.6080265914767987E-002   9.8896618973537714E-021   2.4417857332082252E-002   2.4417857332082259E-002   1.6080265914767976E-002   2.4417857332082245E-002   1.6080265914767987E-002   1.6080265914767987E-002   3.5813509325304136E-003  -9.7283846010165362E-002  -2.4417857332082286E-002  -2.4417857332082245E-002   0.0000000000000000       -2.4417857332082248E-002  -1.8591457263189642E-018   2.2213641272913744E-018   6.2029505515522358E-003  -2.4417857332082279E-002   1.0380086207543460E-017  -3.0434458425837657E-018   6.2029505515522306E-003  -5.4920782332362594E-018   6.2029505515522375E-003   6.2029505515522297E-003   1.0181176314554350E-002  -4.5462810470413152E-002   7.1992725083094619E-018   9.2679744480733723E-018   2.4417857332082248E-002   0.0000000000000000        2.4417857332082259E-002   2.4417857332082259E-002   1.6080265914767990E-002   5.8627339729419839E-018   2.4417857332082259E-002   2.4417857332082259E-002   1.6080265914767980E-002   2.4417857332082252E-002   1.6080265914767990E-002   1.6080265914767990E-002   3.5813509325304115E-003  -9.7283846010165390E-002  -2.4417857332082293E-002  -2.4417857332082248E-002   1.8591457263189642E-018  -2.4417857332082259E-002   0.0000000000000000        2.3525560237540190E-018   6.2029505515522358E-003  -2.4417857332082283E-002   1.0504501840478563E-017  -2.4794184556624059E-018   6.2029505515522297E-003  -3.6126020747214151E-018   6.2029505515522384E-003   6.2029505515522297E-003   1.0181176314554348E-002  -9.7283846010165445E-002  -2.4417857332082297E-002  -2.4417857332082252E-002  -2.2213641272913744E-018  -2.4417857332082259E-002  -2.3525560237540190E-018   0.0000000000000000        6.2029505515522349E-003  -2.4417857332082286E-002   8.5915559033996108E-018  -2.6551014593719885E-018   6.2029505515522288E-003  -8.1462695790918166E-018   6.2029505515522367E-003   6.2029505515522280E-003   1.0181176314554350E-002  -8.5775455997854355E-003  -1.6080265914767997E-002  -1.6080265914767987E-002  -6.2029505515522358E-003  -1.6080265914767990E-002  -6.2029505515522358E-003  -6.2029505515522349E-003   0.0000000000000000       -1.6080265914767997E-002  -6.2029505515522323E-003  -6.2029505515522349E-003  -5.4521689370651512E-019  -6.2029505515522349E-003  -2.5326355096610115E-018  -5.0116401470295403E-018   1.8840116969876313E-003  -4.5462810470413090E-002   1.3097519463989681E-018  -9.8896618973537714E-021   2.4417857332082279E-002  -5.8627339729419839E-018   2.4417857332082283E-002   2.4417857332082286E-002   1.6080265914767997E-002   0.0000000000000000        2.4417857332082286E-002   2.4417857332082290E-002   1.6080265914767987E-002   2.4417857332082279E-002   1.6080265914767997E-002   1.6080265914767997E-002   3.5813509325304167E-003  -9.7283846010165403E-002  -2.4417857332082297E-002  -2.4417857332082252E-002  -1.0380086207543460E-017  -2.4417857332082259E-002  -1.0504501840478563E-017  -8.5915559033996108E-018   6.2029505515522323E-003  -2.4417857332082286E-002   0.0000000000000000       -1.0380142670667743E-017   6.2029505515522254E-003  -1.5871310816249584E-017   6.2029505515522341E-003   6.2029505515522254E-003   1.0181176314554348E-002  -9.7283846010165417E-002  -2.4417857332082297E-002  -2.4417857332082259E-002   3.0434458425837657E-018  -2.4417857332082259E-002   2.4794184556624059E-018   2.6551014593719885E-018   6.2029505515522349E-003  -2.4417857332082290E-002   1.0380142670667743E-017   0.0000000000000000        6.2029505515522306E-003  -3.7564512741252087E-018   6.2029505515522384E-003   6.2029505515522288E-003   1.0181176314554351E-002  -8.5775455997854338E-003  -1.6080265914767990E-002  -1.6080265914767976E-002  -6.2029505515522306E-003  -1.6080265914767980E-002  -6.2029505515522297E-003  -6.2029505515522288E-003   5.4521689370651512E-019  -1.6080265914767987E-002  -6.2029505515522254E-003  -6.2029505515522306E-003   0.0000000000000000       -6.2029505515522297E-003  -2.1503532408951649E-018  -4.4668335351082089E-018   1.8840116969876274E-003  -9.7283846010165362E-002  -2.4417857332082290E-002  -2.4417857332082245E-002   5.4920782332362594E-018  -2.4417857332082252E-002   3.6126020747214151E-018   8.1462695790918166E-018   6.2029505515522349E-003  -2.4417857332082279E-002   1.5871310816249584E-017   3.7564512741252087E-018   6.2029505515522297E-003   0.0000000000000000        6.2029505515522375E-003   6.2029505515522288E-003   1.0181176314554350E-002  -8.5775455997854494E-003  -1.6080265914768001E-002  -1.6080265914767987E-002  -6.2029505515522375E-003  -1.6080265914767990E-002  -6.2029505515522384E-003  -6.2029505515522367E-003   2.5326355096610115E-018  -1.6080265914767997E-002  -6.2029505515522341E-003  -6.2029505515522384E-003   2.1503532408951649E-018  -6.2029505515522375E-003   0.0000000000000000       -2.3434926006974448E-018   1.8840116969876296E-003  -8.5775455997854407E-003  -1.6080265914768001E-002  -1.6080265914767987E-002  -6.2029505515522297E-003  -1.6080265914767990E-002  -6.2029505515522297E-003  -6.2029505515522280E-003   5.0116401470295403E-018  -1.6080265914767997E-002  -6.2029505515522254E-003  -6.2029505515522288E-003   4.4668335351082089E-018  -6.2029505515522288E-003   2.3434926006974448E-018   0.0000000000000000        1.8840116969876324E-003  -1.1916852403866172E-002  -3.5813509325304210E-003  -3.5813509325304136E-003  -1.0181176314554350E-002  -3.5813509325304115E-003  -1.0181176314554348E-002  -1.0181176314554350E-002  -1.8840116969876313E-003  -3.5813509325304167E-003  -1.0181176314554348E-002  -1.0181176314554351E-002  -1.8840116969876274E-003  -1.0181176314554350E-002  -1.8840116969876296E-003  -1.8840116969876324E-003   0.0000000000000000     
   0.0000000000000000        5.5334574066047235E-002   5.5334574066047117E-002  -8.1857530588053257E-002   5.5334574066047131E-002  -8.1857530588053271E-002  -8.1857530588053257E-002   4.9409077603185483E-002   5.5334574066047221E-002  -8.1857530588053257E-002  -8.1857530588053271E-002   4.9409077603185456E-002  -8.1857530588053284E-002   4.9409077603185442E-002   4.9409077603185490E-002  -5.0324596001406464E-002  -5.5334574066047235E-002   0.0000000000000000        8.7316872229043381E-018  -1.5734237065743256E-002  -6.4803976141241685E-018  -1.5734237065743274E-002  -1.5734237065743267E-002  -2.2437103626185479E-003   4.4132850810662546E-018  -1.5734237065743270E-002  -1.5734237065743260E-002  -2.2437103626185414E-003  -1.5734237065743260E-002  -2.2437103626185471E-003  -2.2437103626185644E-003  -1.8429900309379028E-002  -5.5334574066047117E-002  -8.7316872229043381E-018   0.0000000000000000       -1.5734237065743211E-002  -1.3507907460458768E-017  -1.5734237065743228E-002  -1.5734237065743218E-002  -2.2437103626185505E-003  -4.3217902219283124E-018  -1.5734237065743228E-002  -1.5734237065743211E-002  -2.2437103626185414E-003  -1.5734237065743215E-002  -2.2437103626185510E-003  -2.2437103626185683E-003  -1.8429900309378983E-002   8.1857530588053257E-002   1.5734237065743256E-002   1.5734237065743211E-002   0.0000000000000000        1.5734237065743228E-002   1.5285661312742973E-017   1.0216796358358473E-017   1.5008009668794941E-002   1.5734237065743253E-002   3.2522478656539002E-017   1.9017460186884137E-018   1.5008009668794909E-002   9.3115963512486529E-018   1.5008009668794916E-002   1.5008009668794963E-002   1.5323931325161314E-002  -5.5334574066047131E-002   6.4803976141241685E-018   1.3507907460458768E-017  -1.5734237065743228E-002   0.0000000000000000       -1.5734237065743242E-002  -1.5734237065743239E-002  -2.2437103626185336E-003   1.0893735634345719E-017  -1.5734237065743249E-002  -1.5734237065743232E-002  -2.2437103626185245E-003  -1.5734237065743232E-002  -2.2437103626185336E-003  -2.2437103626185518E-003  -1.8429900309378997E-002   8.1857530588053271E-002   1.5734237065743274E-002   1.5734237065743228E-002  -1.5285661312742973E-017   1.5734237065743242E-002   0.0000000000000000       -5.1201104492964488E-018   1.5008009668794949E-002   1.5734237065743263E-002   1.7023365040292869E-017  -2.0539437876620210E-017   1.5008009668794921E-002  -1.3132975680733518E-017   1.5008009668794928E-002   1.5008009668794972E-002   1.5323931325161301E-002   8.1857530588053257E-002   1.5734237065743267E-002   1.5734237065743218E-002  -1.0216796358358473E-017   1.5734237065743239E-002   5.1201104492964488E-018   0.0000000000000000        1.5008009668794949E-002   1.5734237065743260E-002   2.2034632169469973E-017  -1.5473961054049823E-017   1.5008009668794916E-002  -7.8485408372338313E-018   1.5008009668794925E-002   1.5008009668794968E-002   1.5323931325161303E-002  -4.9409077603185483E-002   2.2437103626185479E-003   2.2437103626185505E-003  -1.5008009668794941E-002   2.2437103626185336E-003  -1.5008009668794949E-002  -1.5008009668794949E-002   0.0000000000000000        2.2437103626185544E-003  -1.5008009668794946E-002  -1.5008009668794941E-002   2.6138449353600205E-018  -1.5008009668794944E-002  -1.1610541777848672E-017  -1.4855301389227511E-017  -2.0265403934582035E-002  -5.5334574066047221E-002  -4.4132850810662546E-018   4.3217902219283124E-018  -1.5734237065743253E-002  -1.0893735634345719E-017  -1.5734237065743263E-002  -1.5734237065743260E-002  -2.2437103626185544E-003   0.0000000000000000       -1.5734237065743270E-002  -1.5734237065743253E-002  -2.2437103626185475E-003  -1.5734237065743253E-002  -2.2437103626185544E-003  -2.2437103626185718E-003  -1.8429900309379011E-002   8.1857530588053257E-002   1.5734237065743270E-002   1.5734237065743228E-002  -3.2522478656539002E-017   1.5734237065743249E-002  -1.7023365040292869E-017  -2.2034632169469973E-017   1.5008009668794946E-002   1.5734237065743270E-002   0.0000000000000000       -3.7562591158688835E-017   1.5008009668794920E-002  -3.0153058465099357E-017   1.5008009668794925E-002   1.5008009668794967E-002   1.5323931325161308E-002   8.1857530588053271E-002   1.5734237065743260E-002   1.5734237065743211E-002  -1.9017460186884137E-018   1.5734237065743232E-002   2.0539437876620210E-017   1.5473961054049823E-017   1.5008009668794941E-002   1.5734237065743253E-002   3.7562591158688835E-017   0.0000000000000000        1.5008009668794909E-002   7.6233022208702705E-018   1.5008009668794916E-002   1.5008009668794958E-002   1.5323931325161324E-002  -4.9409077603185456E-002   2.2437103626185414E-003   2.2437103626185414E-003  -1.5008009668794909E-002   2.2437103626185245E-003  -1.5008009668794921E-002  -1.5008009668794916E-002  -2.6138449353600205E-018   2.2437103626185475E-003  -1.5008009668794920E-002  -1.5008009668794909E-002   0.0000000000000000       -1.5008009668794913E-002  -1.3357024980117544E-017  -1.7035465454028427E-017  -2.0265403934582021E-002   8.1857530588053284E-002   1.5734237065743260E-002   1.5734237065743215E-002  -9.3115963512486529E-018   1.5734237065743232E-002   1.3132975680733518E-017   7.8485408372338313E-018   1.5008009668794944E-002   1.5734237065743253E-002   3.0153058465099357E-017  -7.6233022208702705E-018   1.5008009668794913E-002   0.0000000000000000        1.5008009668794920E-002   1.5008009668794965E-002   1.5323931325161310E-002  -4.9409077603185442E-002   2.2437103626185471E-003   2.2437103626185510E-003  -1.5008009668794916E-002   2.2437103626185336E-003  -1.5008009668794928E-002  -1.5008009668794925E-002   1.1610541777848672E-017   2.2437103626185544E-003  -1.5008009668794925E-002  -1.5008009668794916E-002   1.3357024980117544E-017  -1.5008009668794920E-002   0.0000000000000000       -2.7975526769554757E-018  -2.0265403934582021E-002  -4.9409077603185490E-002   2.2437103626185644E-003   2.2437103626185683E-003  -1.5008009668794963E-002   2.2437103626185518E-003  -1.5008009668794972E-002  -1.5008009668794968E-002   1.4855301389227511E-017   2.2437103626185718E-003  -1.5008009668794967E-002  -1.5008009668794958E-002   1.7035465454028427E-017  -1.5008009668794965E-002   2.7975526769554757E-018   0.0000000000000000       -2.0265403934582055E-002   5.0324596001406464E-002   1.8429900309379028E-002   1.8429900309378983E-002  -1.5323931325161314E-002   1.8429900309378997E-002  -1.5323931325161301E-002  -1.5323931325161303E-002   2.0265403934582035E-002   1.8429900309379011E-002  -1.5323931325161308E-002  -1.5323931325161324E-002   2.0265403934582021E-002  -1.5323931325161310E-002   2.0265403934582021E-002   2.0265403934582055E-002   0.0000000000000000     
   0.0000000000000000       -5.5791761123078237E-002  -5.5791761123078154E-002  -5.4273767240604710E-002  -5.5791761123078112E-002  -5.4273767240604731E-002  -5.4273767240604752E-002   4.5336235387282757E-002  -5.5791761123078230E-002  -5.4273767240604759E-002  -5.4273767240604717E-002   4.5336235387282764E-002  -5.4273767240604703E-002   4.5336235387282736E-002   4.5336235387282826E-002  0.11646971488335180        5.5791761123078237E-002   0.0000000000000000        1.5059617186059890E-018  -2.0087254160197344E-002   9.9404585184157774E-018  -2.0087254160197347E-002  -2.0087254160197365E-002  -8.0233850690572851E-003  -1.2191183408601951E-017  -2.0087254160197333E-002  -2.0087254160197340E-002  -8.0233850690572470E-003  -2.0087254160197337E-002  -8.0233850690572903E-003  -8.0233850690572955E-003  -2.3746962144935744E-002   5.5791761123078154E-002  -1.5059617186059890E-018   0.0000000000000000       -2.0087254160197323E-002   4.8041168966004127E-018  -2.0087254160197320E-002  -2.0087254160197340E-002  -8.0233850690572296E-003  -1.0283466692140026E-017  -2.0087254160197309E-002  -2.0087254160197316E-002  -8.0233850690571932E-003  -2.0087254160197316E-002  -8.0233850690572366E-003  -8.0233850690572400E-003  -2.3746962144935595E-002   5.4273767240604710E-002   2.0087254160197344E-002   2.0087254160197323E-002   0.0000000000000000        2.0087254160197316E-002   4.8191006927617149E-018   4.7819021278493562E-018  -2.7503935974092446E-002   2.0087254160197337E-002   2.0526527506808258E-017   3.1017800399368530E-018  -2.7503935974092439E-002   2.7809329011173872E-018  -2.7503935974092435E-002  -2.7503935974092484E-002  -7.6362650065829429E-002   5.5791761123078112E-002  -9.9404585184157774E-018  -4.8041168966004127E-018  -2.0087254160197316E-002   0.0000000000000000       -2.0087254160197309E-002  -2.0087254160197333E-002  -8.0233850690572279E-003  -1.8501126366175261E-017  -2.0087254160197299E-002  -2.0087254160197309E-002  -8.0233850690571863E-003  -2.0087254160197302E-002  -8.0233850690572296E-003  -8.0233850690572348E-003  -2.3746962144935581E-002   5.4273767240604731E-002   2.0087254160197347E-002   2.0087254160197320E-002  -4.8191006927617149E-018   2.0087254160197309E-002   0.0000000000000000       -2.5742382237505152E-019  -2.7503935974092467E-002   2.0087254160197333E-002   1.8960036640225704E-017   1.7521296077502287E-018  -2.7503935974092449E-002   1.4312824690319312E-018  -2.7503935974092449E-002  -2.7503935974092498E-002  -7.6362650065829485E-002   5.4273767240604752E-002   2.0087254160197365E-002   2.0087254160197340E-002  -4.7819021278493562E-018   2.0087254160197333E-002   2.5742382237505152E-019   0.0000000000000000       -2.7503935974092449E-002   2.0087254160197354E-002   1.5744624965166645E-017  -1.4632849879876431E-018  -2.7503935974092435E-002  -1.8883171535703762E-018  -2.7503935974092439E-002  -2.7503935974092477E-002  -7.6362650065829429E-002  -4.5336235387282757E-002   8.0233850690572851E-003   8.0233850690572296E-003   2.7503935974092446E-002   8.0233850690572279E-003   2.7503935974092467E-002   2.7503935974092449E-002   0.0000000000000000        8.0233850690572695E-003   2.7503935974092456E-002   2.7503935974092460E-002  -2.0831296946059929E-018   2.7503935974092463E-002  -1.2460651313262158E-017  -2.5066885499746588E-017   4.2846693746430315E-003   5.5791761123078230E-002   1.2191183408601951E-017   1.0283466692140026E-017  -2.0087254160197337E-002   1.8501126366175261E-017  -2.0087254160197333E-002  -2.0087254160197354E-002  -8.0233850690572695E-003   0.0000000000000000       -2.0087254160197323E-002  -2.0087254160197330E-002  -8.0233850690572331E-003  -2.0087254160197326E-002  -8.0233850690572765E-003  -8.0233850690572799E-003  -2.3746962144935699E-002   5.4273767240604759E-002   2.0087254160197333E-002   2.0087254160197309E-002  -2.0526527506808258E-017   2.0087254160197299E-002  -1.8960036640225704E-017  -1.5744624965166645E-017  -2.7503935974092456E-002   2.0087254160197323E-002   0.0000000000000000       -1.7207909953153893E-017  -2.7503935974092442E-002  -1.7636304168487353E-017  -2.7503935974092442E-002  -2.7503935974092487E-002  -7.6362650065829457E-002   5.4273767240604717E-002   2.0087254160197340E-002   2.0087254160197316E-002  -3.1017800399368530E-018   2.0087254160197309E-002  -1.7521296077502287E-018   1.4632849879876431E-018  -2.7503935974092460E-002   2.0087254160197330E-002   1.7207909953153893E-017   0.0000000000000000       -2.7503935974092446E-002  -4.2926733011705794E-019  -2.7503935974092446E-002  -2.7503935974092491E-002  -7.6362650065829457E-002  -4.5336235387282764E-002   8.0233850690572470E-003   8.0233850690571932E-003   2.7503935974092439E-002   8.0233850690571863E-003   2.7503935974092449E-002   2.7503935974092435E-002   2.0831296946059929E-018   8.0233850690572331E-003   2.7503935974092442E-002   2.7503935974092446E-002   0.0000000000000000        2.7503935974092449E-002  -1.2056339264550739E-017  -2.4716781803522572E-017   4.2846693746430489E-003   5.4273767240604703E-002   2.0087254160197337E-002   2.0087254160197316E-002  -2.7809329011173872E-018   2.0087254160197302E-002  -1.4312824690319312E-018   1.8883171535703762E-018  -2.7503935974092463E-002   2.0087254160197326E-002   1.7636304168487353E-017   4.2926733011705794E-019  -2.7503935974092449E-002   0.0000000000000000       -2.7503935974092446E-002  -2.7503935974092487E-002  -7.6362650065829457E-002  -4.5336235387282736E-002   8.0233850690572903E-003   8.0233850690572366E-003   2.7503935974092435E-002   8.0233850690572296E-003   2.7503935974092449E-002   2.7503935974092439E-002   1.2460651313262158E-017   8.0233850690572765E-003   2.7503935974092442E-002   2.7503935974092446E-002   1.2056339264550739E-017   2.7503935974092446E-002   0.0000000000000000       -1.2552871111214489E-017   4.2846693746430593E-003  -4.5336235387282826E-002   8.0233850690572955E-003   8.0233850690572400E-003   2.7503935974092484E-002   8.0233850690572348E-003   2.7503935974092498E-002   2.7503935974092477E-002   2.5066885499746588E-017   8.0233850690572799E-003   2.7503935974092487E-002   2.7503935974092491E-002   2.4716781803522572E-017   2.7503935974092487E-002   1.2552871111214489E-017   0.0000000000000000        4.2846693746430966E-003 -0.11646971488335180        2.3746962144935744E-002   2.3746962144935595E-002   7.6362650065829429E-002   2.3746962144935581E-002   7.6362650065829485E-002   7.6362650065829429E-002  -4.2846693746430315E-003   2.3746962144935699E-002   7.6362650065829457E-002   7.6362650065829457E-002  -4.2846693746430489E-003   7.6362650065829457E-002  -4.2846693746430593E-003  -4.2846693746430966E-003   0.0000000000000000     
