  0.14902107180966551       -1.9343203980005913E-002  -1.9343203980005927E-002   9.0175569100540101E-002  -1.9343203980005927E-002   9.0175569100540115E-002   9.0175569100540101E-002  -1.9343203980005920E-002  -1.9343203980005920E-002   9.0175569100540101E-002   9.0175569100540115E-002  -1.9343203980005927E-002   9.0175569100540101E-002  -1.9343203980005927E-002  -1.9343203980005913E-002  0.14902107180966551       -1.9343203980005913E-002   2.1939509318864011E-002   2.1939509318864021E-002  -3.7092248747432395E-002   2.1939509318864021E-002  -3.7092248747432395E-002  -3.7092248747432388E-002   2.1939509318864018E-002   2.1939509318864018E-002  -3.7092248747432388E-002  -3.7092248747432395E-002   2.1939509318864021E-002  -3.7092248747432395E-002   2.1939509318864021E-002   2.1939509318864011E-002  -1.9343203980005913E-002  -1.9343203980005927E-002   2.1939509318864021E-002   2.1939509318864032E-002  -3.7092248747432416E-002   2.1939509318864032E-002  -3.7092248747432416E-002  -3.7092248747432409E-002   2.1939509318864028E-002   2.1939509318864028E-002  -3.7092248747432409E-002  -3.7092248747432416E-002   2.1939509318864032E-002  -3.7092248747432416E-002   2.1939509318864032E-002   2.1939509318864021E-002  -1.9343203980005927E-002   9.0175569100540101E-002  -3.7092248747432395E-002  -3.7092248747432416E-002   8.7740296971626136E-002  -3.7092248747432416E-002   8.7740296971626136E-002   8.7740296971626122E-002  -3.7092248747432409E-002  -3.7092248747432409E-002   8.7740296971626122E-002   8.7740296971626136E-002  -3.7092248747432416E-002   8.7740296971626136E-002  -3.7092248747432416E-002  -3.7092248747432395E-002   9.0175569100540101E-002  -1.9343203980005927E-002   2.1939509318864021E-002   2.1939509318864032E-002  -3.7092248747432416E-002   2.1939509318864032E-002  -3.7092248747432416E-002  -3.7092248747432409E-002   2.1939509318864028E-002   2.1939509318864028E-002  -3.7092248747432409E-002  -3.7092248747432416E-002   2.1939509318864032E-002  -3.7092248747432416E-002   2.1939509318864032E-002   2.1939509318864021E-002  -1.9343203980005927E-002   9.0175569100540115E-002  -3.7092248747432395E-002  -3.7092248747432416E-002   8.7740296971626136E-002  -3.7092248747432416E-002   8.7740296971626136E-002   8.7740296971626122E-002  -3.7092248747432409E-002  -3.7092248747432409E-002   8.7740296971626122E-002   8.7740296971626136E-002  -3.7092248747432416E-002   8.7740296971626136E-002  -3.7092248747432416E-002  -3.7092248747432395E-002   9.0175569100540115E-002   9.0175569100540101E-002  -3.7092248747432388E-002  -3.7092248747432409E-002   8.7740296971626122E-002  -3.7092248747432409E-002   8.7740296971626122E-002   8.7740296971626108E-002  -3.7092248747432402E-002  -3.7092248747432402E-002   8.7740296971626108E-002   8.7740296971626122E-002  -3.7092248747432409E-002   8.7740296971626122E-002  -3.7092248747432409E-002  -3.7092248747432388E-002   9.0175569100540101E-002  -1.9343203980005920E-002   2.1939509318864018E-002   2.1939509318864028E-002  -3.7092248747432409E-002   2.1939509318864028E-002  -3.7092248747432409E-002  -3.7092248747432402E-002   2.1939509318864025E-002   2.1939509318864025E-002  -3.7092248747432402E-002  -3.7092248747432409E-002   2.1939509318864028E-002  -3.7092248747432409E-002   2.1939509318864028E-002   2.1939509318864018E-002  -1.9343203980005920E-002  -1.9343203980005920E-002   2.1939509318864018E-002   2.1939509318864028E-002  -3.7092248747432409E-002   2.1939509318864028E-002  -3.7092248747432409E-002  -3.7092248747432402E-002   2.1939509318864025E-002   2.1939509318864025E-002  -3.7092248747432402E-002  -3.7092248747432409E-002   2.1939509318864028E-002  -3.7092248747432409E-002   2.1939509318864028E-002   2.1939509318864018E-002  -1.9343203980005920E-002   9.0175569100540101E-002  -3.7092248747432388E-002  -3.7092248747432409E-002   8.7740296971626122E-002  -3.7092248747432409E-002   8.7740296971626122E-002   8.7740296971626108E-002  -3.7092248747432402E-002  -3.7092248747432402E-002   8.7740296971626108E-002   8.7740296971626122E-002  -3.7092248747432409E-002   8.7740296971626122E-002  -3.7092248747432409E-002  -3.7092248747432388E-002   9.0175569100540101E-002   9.0175569100540115E-002  -3.7092248747432395E-002  -3.7092248747432416E-002   8.7740296971626136E-002  -3.7092248747432416E-002   8.7740296971626136E-002   8.7740296971626122E-002  -3.7092248747432409E-002  -3.7092248747432409E-002   8.7740296971626122E-002   8.7740296971626136E-002  -3.7092248747432416E-002   8.7740296971626136E-002  -3.7092248747432416E-002  -3.7092248747432395E-002   9.0175569100540115E-002  -1.9343203980005927E-002   2.1939509318864021E-002   2.1939509318864032E-002  -3.7092248747432416E-002   2.1939509318864032E-002  -3.7092248747432416E-002  -3.7092248747432409E-002   2.1939509318864028E-002   2.1939509318864028E-002  -3.7092248747432409E-002  -3.7092248747432416E-002   2.1939509318864032E-002  -3.7092248747432416E-002   2.1939509318864032E-002   2.1939509318864021E-002  -1.9343203980005927E-002   9.0175569100540101E-002  -3.7092248747432395E-002  -3.7092248747432416E-002   8.7740296971626136E-002  -3.7092248747432416E-002   8.7740296971626136E-002   8.7740296971626122E-002  -3.7092248747432409E-002  -3.7092248747432409E-002   8.7740296971626122E-002   8.7740296971626136E-002  -3.7092248747432416E-002   8.7740296971626136E-002  -3.7092248747432416E-002  -3.7092248747432395E-002   9.0175569100540101E-002  -1.9343203980005927E-002   2.1939509318864021E-002   2.1939509318864032E-002  -3.7092248747432416E-002   2.1939509318864032E-002  -3.7092248747432416E-002  -3.7092248747432409E-002   2.1939509318864028E-002   2.1939509318864028E-002  -3.7092248747432409E-002  -3.7092248747432416E-002   2.1939509318864032E-002  -3.7092248747432416E-002   2.1939509318864032E-002   2.1939509318864021E-002  -1.9343203980005927E-002  -1.9343203980005913E-002   2.1939509318864011E-002   2.1939509318864021E-002  -3.7092248747432395E-002   2.1939509318864021E-002  -3.7092248747432395E-002  -3.7092248747432388E-002   2.1939509318864018E-002   2.1939509318864018E-002  -3.7092248747432388E-002  -3.7092248747432395E-002   2.1939509318864021E-002  -3.7092248747432395E-002   2.1939509318864021E-002   2.1939509318864011E-002  -1.9343203980005913E-002  0.14902107180966551       -1.9343203980005913E-002  -1.9343203980005927E-002   9.0175569100540101E-002  -1.9343203980005927E-002   9.0175569100540115E-002   9.0175569100540101E-002  -1.9343203980005920E-002  -1.9343203980005920E-002   9.0175569100540101E-002   9.0175569100540115E-002  -1.9343203980005927E-002   9.0175569100540101E-002  -1.9343203980005927E-002  -1.9343203980005913E-002  0.14902107180966551     
  0.26464566990632454        3.6192850516576267E-002   3.6192850516576239E-002  -4.1566010934941874E-002   3.6192850516576239E-002  -4.1566010934941860E-002  -4.1566010934941833E-002  -2.4751248217363221E-002   3.6192850516576260E-002  -4.1566010934941840E-002  -4.1566010934941867E-002  -2.4751248217363218E-002  -4.1566010934941867E-002  -2.4751248217363214E-002  -2.4751248217363211E-002  -9.1252882312636868E-002   3.6192850516576267E-002   7.3524656493801133E-002   7.3524656493801147E-002   2.3998665816563795E-002   7.3524656493801147E-002   2.3998665816563795E-002   2.3998665816563798E-002   8.3918478748487534E-003   7.3524656493801133E-002   2.3998665816563798E-002   2.3998665816563802E-002   8.3918478748487551E-003   2.3998665816563798E-002   8.3918478748487551E-003   8.3918478748487551E-003  -5.5399470149324458E-003   3.6192850516576239E-002   7.3524656493801147E-002   7.3524656493801147E-002   2.3998665816563815E-002   7.3524656493801147E-002   2.3998665816563812E-002   2.3998665816563822E-002   8.3918478748487482E-003   7.3524656493801147E-002   2.3998665816563819E-002   2.3998665816563822E-002   8.3918478748487447E-003   2.3998665816563822E-002   8.3918478748487447E-003   8.3918478748487464E-003  -5.5399470149324493E-003  -4.1566010934941874E-002   2.3998665816563795E-002   2.3998665816563815E-002   4.5128927116055241E-002   2.3998665816563815E-002   4.5128927116055234E-002   4.5128927116055234E-002   1.1200385559932260E-002   2.3998665816563805E-002   4.5128927116055234E-002   4.5128927116055248E-002   1.1200385559932262E-002   4.5128927116055248E-002   1.1200385559932262E-002   1.1200385559932260E-002   1.7175423733541948E-002   3.6192850516576239E-002   7.3524656493801147E-002   7.3524656493801147E-002   2.3998665816563815E-002   7.3524656493801147E-002   2.3998665816563812E-002   2.3998665816563822E-002   8.3918478748487482E-003   7.3524656493801147E-002   2.3998665816563819E-002   2.3998665816563822E-002   8.3918478748487447E-003   2.3998665816563822E-002   8.3918478748487447E-003   8.3918478748487464E-003  -5.5399470149324493E-003  -4.1566010934941860E-002   2.3998665816563795E-002   2.3998665816563812E-002   4.5128927116055234E-002   2.3998665816563812E-002   4.5128927116055234E-002   4.5128927116055234E-002   1.1200385559932259E-002   2.3998665816563805E-002   4.5128927116055234E-002   4.5128927116055248E-002   1.1200385559932259E-002   4.5128927116055234E-002   1.1200385559932260E-002   1.1200385559932257E-002   1.7175423733541938E-002  -4.1566010934941833E-002   2.3998665816563798E-002   2.3998665816563822E-002   4.5128927116055234E-002   2.3998665816563822E-002   4.5128927116055234E-002   4.5128927116055234E-002   1.1200385559932257E-002   2.3998665816563805E-002   4.5128927116055234E-002   4.5128927116055241E-002   1.1200385559932259E-002   4.5128927116055241E-002   1.1200385559932260E-002   1.1200385559932257E-002   1.7175423733541931E-002  -2.4751248217363221E-002   8.3918478748487534E-003   8.3918478748487482E-003   1.1200385559932260E-002   8.3918478748487482E-003   1.1200385559932259E-002   1.1200385559932257E-002   2.5613194673404904E-002   8.3918478748487482E-003   1.1200385559932257E-002   1.1200385559932259E-002   2.5613194673404897E-002   1.1200385559932260E-002   2.5613194673404897E-002   2.5613194673404897E-002   2.3842637247695753E-002   3.6192850516576260E-002   7.3524656493801133E-002   7.3524656493801147E-002   2.3998665816563805E-002   7.3524656493801147E-002   2.3998665816563805E-002   2.3998665816563805E-002   8.3918478748487482E-003   7.3524656493801133E-002   2.3998665816563805E-002   2.3998665816563812E-002   8.3918478748487464E-003   2.3998665816563809E-002   8.3918478748487464E-003   8.3918478748487464E-003  -5.5399470149324562E-003  -4.1566010934941840E-002   2.3998665816563798E-002   2.3998665816563819E-002   4.5128927116055234E-002   2.3998665816563819E-002   4.5128927116055234E-002   4.5128927116055234E-002   1.1200385559932257E-002   2.3998665816563805E-002   4.5128927116055234E-002   4.5128927116055241E-002   1.1200385559932257E-002   4.5128927116055241E-002   1.1200385559932259E-002   1.1200385559932257E-002   1.7175423733541931E-002  -4.1566010934941867E-002   2.3998665816563802E-002   2.3998665816563822E-002   4.5128927116055248E-002   2.3998665816563822E-002   4.5128927116055248E-002   4.5128927116055241E-002   1.1200385559932259E-002   2.3998665816563812E-002   4.5128927116055241E-002   4.5128927116055255E-002   1.1200385559932260E-002   4.5128927116055248E-002   1.1200385559932260E-002   1.1200385559932259E-002   1.7175423733541945E-002  -2.4751248217363218E-002   8.3918478748487551E-003   8.3918478748487447E-003   1.1200385559932262E-002   8.3918478748487447E-003   1.1200385559932259E-002   1.1200385559932259E-002   2.5613194673404897E-002   8.3918478748487464E-003   1.1200385559932257E-002   1.1200385559932260E-002   2.5613194673404897E-002   1.1200385559932262E-002   2.5613194673404897E-002   2.5613194673404897E-002   2.3842637247695735E-002  -4.1566010934941867E-002   2.3998665816563798E-002   2.3998665816563822E-002   4.5128927116055248E-002   2.3998665816563822E-002   4.5128927116055234E-002   4.5128927116055241E-002   1.1200385559932260E-002   2.3998665816563809E-002   4.5128927116055241E-002   4.5128927116055248E-002   1.1200385559932262E-002   4.5128927116055248E-002   1.1200385559932262E-002   1.1200385559932260E-002   1.7175423733541948E-002  -2.4751248217363214E-002   8.3918478748487551E-003   8.3918478748487447E-003   1.1200385559932262E-002   8.3918478748487447E-003   1.1200385559932260E-002   1.1200385559932260E-002   2.5613194673404897E-002   8.3918478748487464E-003   1.1200385559932259E-002   1.1200385559932260E-002   2.5613194673404897E-002   1.1200385559932262E-002   2.5613194673404893E-002   2.5613194673404893E-002   2.3842637247695735E-002  -2.4751248217363211E-002   8.3918478748487551E-003   8.3918478748487464E-003   1.1200385559932260E-002   8.3918478748487464E-003   1.1200385559932257E-002   1.1200385559932257E-002   2.5613194673404897E-002   8.3918478748487464E-003   1.1200385559932257E-002   1.1200385559932259E-002   2.5613194673404897E-002   1.1200385559932260E-002   2.5613194673404893E-002   2.5613194673404893E-002   2.3842637247695735E-002  -9.1252882312636868E-002  -5.5399470149324458E-003  -5.5399470149324493E-003   1.7175423733541948E-002  -5.5399470149324493E-003   1.7175423733541938E-002   1.7175423733541931E-002   2.3842637247695753E-002  -5.5399470149324562E-003   1.7175423733541931E-002   1.7175423733541945E-002   2.3842637247695735E-002   1.7175423733541948E-002   2.3842637247695735E-002   2.3842637247695735E-002   6.8029362728519949E-002
  0.88421376468624668       -5.0813042317744365E-003  -5.0813042317743688E-003  -6.2924310403699224E-002  -5.0813042317743879E-003  -6.2924310403699266E-002  -6.2924310403699280E-002   3.0045078856844689E-003  -5.0813042317744382E-003  -6.2924310403699280E-002  -6.2924310403699280E-002   3.0045078856844650E-003  -6.2924310403699252E-002   3.0045078856844750E-003   3.0045078856844919E-003   2.6101289808271207E-002  -5.0813042317744365E-003   1.0273947219964226E-002   1.0273947219964228E-002  -1.3454213692750936E-003   1.0273947219964231E-002  -1.3454213692750978E-003  -1.3454213692750976E-003  -2.0524526577619484E-003   1.0273947219964229E-002  -1.3454213692750978E-003  -1.3454213692750971E-003  -2.0524526577619480E-003  -1.3454213692750973E-003  -2.0524526577619484E-003  -2.0524526577619484E-003   4.0674850517752477E-004  -5.0813042317743688E-003   1.0273947219964228E-002   1.0273947219964228E-002  -1.3454213692750984E-003   1.0273947219964229E-002  -1.3454213692751028E-003  -1.3454213692751023E-003  -2.0524526577619506E-003   1.0273947219964229E-002  -1.3454213692751025E-003  -1.3454213692751017E-003  -2.0524526577619506E-003  -1.3454213692751019E-003  -2.0524526577619506E-003  -2.0524526577619506E-003   4.0674850517752992E-004  -6.2924310403699224E-002  -1.3454213692750936E-003  -1.3454213692750984E-003   6.7957708225932379E-003  -1.3454213692750980E-003   6.7957708225932405E-003   6.7957708225932431E-003  -7.7869775524594897E-004  -1.3454213692750936E-003   6.7957708225932396E-003   6.7957708225932431E-003  -7.7869775524594875E-004   6.7957708225932396E-003  -7.7869775524594918E-004  -7.7869775524595059E-004  -5.4943061387485370E-003  -5.0813042317743879E-003   1.0273947219964231E-002   1.0273947219964229E-002  -1.3454213692750980E-003   1.0273947219964233E-002  -1.3454213692751023E-003  -1.3454213692751021E-003  -2.0524526577619506E-003   1.0273947219964231E-002  -1.3454213692751021E-003  -1.3454213692751010E-003  -2.0524526577619506E-003  -1.3454213692751017E-003  -2.0524526577619506E-003  -2.0524526577619506E-003   4.0674850517752982E-004  -6.2924310403699266E-002  -1.3454213692750978E-003  -1.3454213692751028E-003   6.7957708225932405E-003  -1.3454213692751023E-003   6.7957708225932457E-003   6.7957708225932466E-003  -7.7869775524594788E-004  -1.3454213692750978E-003   6.7957708225932440E-003   6.7957708225932474E-003  -7.7869775524594756E-004   6.7957708225932440E-003  -7.7869775524594853E-004  -7.7869775524594962E-004  -5.4943061387485352E-003  -6.2924310403699280E-002  -1.3454213692750976E-003  -1.3454213692751023E-003   6.7957708225932431E-003  -1.3454213692751021E-003   6.7957708225932466E-003   6.7957708225932483E-003  -7.7869775524594983E-004  -1.3454213692750971E-003   6.7957708225932448E-003   6.7957708225932483E-003  -7.7869775524594962E-004   6.7957708225932457E-003  -7.7869775524595005E-004  -7.7869775524595146E-004  -5.4943061387485344E-003   3.0045078856844689E-003  -2.0524526577619484E-003  -2.0524526577619506E-003  -7.7869775524594897E-004  -2.0524526577619506E-003  -7.7869775524594788E-004  -7.7869775524594983E-004   4.8789805341318453E-003  -2.0524526577619467E-003  -7.7869775524594691E-004  -7.7869775524594767E-004   4.8789805341318436E-003  -7.7869775524594680E-004   4.8789805341318418E-003   4.8789805341318418E-003  -2.8705440707306315E-003  -5.0813042317744382E-003   1.0273947219964229E-002   1.0273947219964229E-002  -1.3454213692750936E-003   1.0273947219964231E-002  -1.3454213692750978E-003  -1.3454213692750971E-003  -2.0524526577619467E-003   1.0273947219964229E-002  -1.3454213692750978E-003  -1.3454213692750963E-003  -2.0524526577619467E-003  -1.3454213692750969E-003  -2.0524526577619467E-003  -2.0524526577619471E-003   4.0674850517752342E-004  -6.2924310403699280E-002  -1.3454213692750978E-003  -1.3454213692751025E-003   6.7957708225932396E-003  -1.3454213692751021E-003   6.7957708225932440E-003   6.7957708225932448E-003  -7.7869775524594691E-004  -1.3454213692750978E-003   6.7957708225932422E-003   6.7957708225932457E-003  -7.7869775524594658E-004   6.7957708225932422E-003  -7.7869775524594712E-004  -7.7869775524594853E-004  -5.4943061387485326E-003  -6.2924310403699280E-002  -1.3454213692750971E-003  -1.3454213692751017E-003   6.7957708225932431E-003  -1.3454213692751010E-003   6.7957708225932474E-003   6.7957708225932483E-003  -7.7869775524594767E-004  -1.3454213692750963E-003   6.7957708225932457E-003   6.7957708225932483E-003  -7.7869775524594756E-004   6.7957708225932457E-003  -7.7869775524594799E-004  -7.7869775524594918E-004  -5.4943061387485387E-003   3.0045078856844650E-003  -2.0524526577619480E-003  -2.0524526577619506E-003  -7.7869775524594875E-004  -2.0524526577619506E-003  -7.7869775524594756E-004  -7.7869775524594962E-004   4.8789805341318436E-003  -2.0524526577619467E-003  -7.7869775524594658E-004  -7.7869775524594756E-004   4.8789805341318418E-003  -7.7869775524594669E-004   4.8789805341318410E-003   4.8789805341318392E-003  -2.8705440707306297E-003  -6.2924310403699252E-002  -1.3454213692750973E-003  -1.3454213692751019E-003   6.7957708225932396E-003  -1.3454213692751017E-003   6.7957708225932440E-003   6.7957708225932457E-003  -7.7869775524594680E-004  -1.3454213692750969E-003   6.7957708225932422E-003   6.7957708225932457E-003  -7.7869775524594669E-004   6.7957708225932422E-003  -7.7869775524594691E-004  -7.7869775524594810E-004  -5.4943061387485387E-003   3.0045078856844750E-003  -2.0524526577619484E-003  -2.0524526577619506E-003  -7.7869775524594918E-004  -2.0524526577619506E-003  -7.7869775524594853E-004  -7.7869775524595005E-004   4.8789805341318418E-003  -2.0524526577619467E-003  -7.7869775524594712E-004  -7.7869775524594799E-004   4.8789805341318410E-003  -7.7869775524594691E-004   4.8789805341318384E-003   4.8789805341318375E-003  -2.8705440707306271E-003   3.0045078856844919E-003  -2.0524526577619484E-003  -2.0524526577619506E-003  -7.7869775524595059E-004  -2.0524526577619506E-003  -7.7869775524594962E-004  -7.7869775524595146E-004   4.8789805341318418E-003  -2.0524526577619471E-003  -7.7869775524594853E-004  -7.7869775524594918E-004   4.8789805341318392E-003  -7.7869775524594810E-004   4.8789805341318375E-003   4.8789805341318366E-003  -2.8705440707306258E-003   2.6101289808271207E-002   4.0674850517752477E-004   4.0674850517752992E-004  -5.4943061387485370E-003   4.0674850517752982E-004  -5.4943061387485352E-003  -5.4943061387485344E-003  -2.8705440707306315E-003   4.0674850517752342E-004  -5.4943061387485326E-003  -5.4943061387485387E-003  -2.8705440707306297E-003  -5.4943061387485387E-003  -2.8705440707306271E-003  -2.8705440707306258E-003   1.4399899361812433E-002
  0.44123582603414729        6.7980967297227204E-002   6.7980967297227107E-002   1.8683949570353010E-002   6.7980967297227149E-002   1.8683949570353027E-002   1.8683949570353010E-002  -1.3872713036735864E-002   6.7980967297227177E-002   1.8683949570352992E-002   1.8683949570353027E-002  -1.3872713036735880E-002   1.8683949570353055E-002  -1.3872713036735878E-002  -1.3872713036735854E-002  -1.7109518321934532E-002   6.7980967297227204E-002   7.6124906503484691E-002   7.6124906503484649E-002   2.1895038323326732E-002   7.6124906503484649E-002   2.1895038323326732E-002   2.1895038323326725E-002  -1.0829764997642696E-002   7.6124906503484677E-002   2.1895038323326715E-002   2.1895038323326729E-002  -1.0829764997642681E-002   2.1895038323326729E-002  -1.0829764997642684E-002  -1.0829764997642674E-002  -8.3449515090573013E-003   6.7980967297227107E-002   7.6124906503484649E-002   7.6124906503484607E-002   2.1895038323326718E-002   7.6124906503484607E-002   2.1895038323326722E-002   2.1895038323326715E-002  -1.0829764997642695E-002   7.6124906503484635E-002   2.1895038323326701E-002   2.1895038323326722E-002  -1.0829764997642675E-002   2.1895038323326715E-002  -1.0829764997642681E-002  -1.0829764997642670E-002  -8.3449515090572857E-003   1.8683949570353010E-002   2.1895038323326732E-002   2.1895038323326718E-002   3.7695019969723000E-002   2.1895038323326718E-002   3.7695019969723000E-002   3.7695019969723007E-002   2.5905672772644963E-003   2.1895038323326718E-002   3.7695019969723000E-002   3.7695019969723013E-002   2.5905672772644924E-003   3.7695019969722986E-002   2.5905672772644963E-003   2.5905672772645011E-003  -4.5827222933747346E-004   6.7980967297227149E-002   7.6124906503484649E-002   7.6124906503484607E-002   2.1895038323326718E-002   7.6124906503484621E-002   2.1895038323326715E-002   2.1895038323326718E-002  -1.0829764997642700E-002   7.6124906503484649E-002   2.1895038323326697E-002   2.1895038323326718E-002  -1.0829764997642682E-002   2.1895038323326715E-002  -1.0829764997642688E-002  -1.0829764997642675E-002  -8.3449515090572857E-003   1.8683949570353027E-002   2.1895038323326732E-002   2.1895038323326722E-002   3.7695019969723000E-002   2.1895038323326715E-002   3.7695019969723000E-002   3.7695019969723007E-002   2.5905672772644976E-003   2.1895038323326722E-002   3.7695019969723000E-002   3.7695019969723013E-002   2.5905672772644941E-003   3.7695019969722993E-002   2.5905672772644976E-003   2.5905672772645024E-003  -4.5827222933747188E-004   1.8683949570353010E-002   2.1895038323326725E-002   2.1895038323326715E-002   3.7695019969723007E-002   2.1895038323326718E-002   3.7695019969723007E-002   3.7695019969723013E-002   2.5905672772644976E-003   2.1895038323326715E-002   3.7695019969723007E-002   3.7695019969723020E-002   2.5905672772644950E-003   3.7695019969722993E-002   2.5905672772644976E-003   2.5905672772645032E-003  -4.5827222933747129E-004  -1.3872713036735864E-002  -1.0829764997642696E-002  -1.0829764997642695E-002   2.5905672772644963E-003  -1.0829764997642700E-002   2.5905672772644976E-003   2.5905672772644976E-003   5.8931797864516843E-003  -1.0829764997642696E-002   2.5905672772645011E-003   2.5905672772644998E-003   5.8931797864516799E-003   2.5905672772644998E-003   5.8931797864516808E-003   5.8931797864516817E-003   1.6553197735078705E-003   6.7980967297227177E-002   7.6124906503484677E-002   7.6124906503484635E-002   2.1895038323326718E-002   7.6124906503484649E-002   2.1895038323326722E-002   2.1895038323326715E-002  -1.0829764997642696E-002   7.6124906503484663E-002   2.1895038323326701E-002   2.1895038323326718E-002  -1.0829764997642682E-002   2.1895038323326715E-002  -1.0829764997642684E-002  -1.0829764997642672E-002  -8.3449515090572978E-003   1.8683949570352992E-002   2.1895038323326715E-002   2.1895038323326701E-002   3.7695019969723000E-002   2.1895038323326697E-002   3.7695019969723000E-002   3.7695019969723007E-002   2.5905672772645011E-003   2.1895038323326701E-002   3.7695019969723000E-002   3.7695019969723013E-002   2.5905672772644980E-003   3.7695019969722993E-002   2.5905672772645019E-003   2.5905672772645063E-003  -4.5827222933746988E-004   1.8683949570353027E-002   2.1895038323326729E-002   2.1895038323326722E-002   3.7695019969723013E-002   2.1895038323326718E-002   3.7695019969723013E-002   3.7695019969723020E-002   2.5905672772644998E-003   2.1895038323326718E-002   3.7695019969723013E-002   3.7695019969723020E-002   2.5905672772644967E-003   3.7695019969723007E-002   2.5905672772644998E-003   2.5905672772645050E-003  -4.5827222933747470E-004  -1.3872713036735880E-002  -1.0829764997642681E-002  -1.0829764997642675E-002   2.5905672772644924E-003  -1.0829764997642682E-002   2.5905672772644941E-003   2.5905672772644950E-003   5.8931797864516799E-003  -1.0829764997642682E-002   2.5905672772644980E-003   2.5905672772644967E-003   5.8931797864516756E-003   2.5905672772644967E-003   5.8931797864516773E-003   5.8931797864516773E-003   1.6553197735078681E-003   1.8683949570353055E-002   2.1895038323326729E-002   2.1895038323326715E-002   3.7695019969722986E-002   2.1895038323326715E-002   3.7695019969722993E-002   3.7695019969722993E-002   2.5905672772644998E-003   2.1895038323326715E-002   3.7695019969722993E-002   3.7695019969723007E-002   2.5905672772644967E-003   3.7695019969722993E-002   2.5905672772645002E-003   2.5905672772645045E-003  -4.5827222933747297E-004  -1.3872713036735878E-002  -1.0829764997642684E-002  -1.0829764997642681E-002   2.5905672772644963E-003  -1.0829764997642688E-002   2.5905672772644976E-003   2.5905672772644976E-003   5.8931797864516808E-003  -1.0829764997642684E-002   2.5905672772645019E-003   2.5905672772644998E-003   5.8931797864516773E-003   2.5905672772645002E-003   5.8931797864516791E-003   5.8931797864516791E-003   1.6553197735078705E-003  -1.3872713036735854E-002  -1.0829764997642674E-002  -1.0829764997642670E-002   2.5905672772645011E-003  -1.0829764997642675E-002   2.5905672772645024E-003   2.5905672772645032E-003   5.8931797864516817E-003  -1.0829764997642672E-002   2.5905672772645063E-003   2.5905672772645050E-003   5.8931797864516773E-003   2.5905672772645045E-003   5.8931797864516791E-003   5.8931797864516791E-003   1.6553197735078673E-003  -1.7109518321934532E-002  -8.3449515090573013E-003  -8.3449515090572857E-003  -4.5827222933747346E-004  -8.3449515090572857E-003  -4.5827222933747188E-004  -4.5827222933747129E-004   1.6553197735078705E-003  -8.3449515090572978E-003  -4.5827222933746988E-004  -4.5827222933747470E-004   1.6553197735078681E-003  -4.5827222933747297E-004   1.6553197735078705E-003   1.6553197735078673E-003   4.5217089877719789E-003
  0.17842232057768631       -1.9591555483587160E-002  -1.9591555483587139E-002   7.5042289589158345E-002  -1.9591555483587118E-002   7.5042289589158401E-002   7.5042289589158359E-002   2.6799248883049259E-003  -1.9591555483587167E-002   7.5042289589158373E-002   7.5042289589158359E-002   2.6799248883049133E-003   7.5042289589158373E-002   2.6799248883049103E-003   2.6799248883049537E-003   6.4687177739197091E-002  -1.9591555483587160E-002   2.7953995882293078E-002   2.7953995882293026E-002  -4.1911335401021731E-002   2.7953995882293029E-002  -4.1911335401021745E-002  -4.1911335401021731E-002   2.4572408058846609E-002   2.7953995882293071E-002  -4.1911335401021717E-002  -4.1911335401021731E-002   2.4572408058846591E-002  -4.1911335401021738E-002   2.4572408058846591E-002   2.4572408058846612E-002  -2.7935257793021143E-002  -1.9591555483587139E-002   2.7953995882293026E-002   2.7953995882292981E-002  -4.1911335401021654E-002   2.7953995882292984E-002  -4.1911335401021661E-002  -4.1911335401021661E-002   2.4572408058846574E-002   2.7953995882293015E-002  -4.1911335401021647E-002  -4.1911335401021654E-002   2.4572408058846557E-002  -4.1911335401021654E-002   2.4572408058846553E-002   2.4572408058846574E-002  -2.7935257793021098E-002   7.5042289589158345E-002  -4.1911335401021731E-002  -4.1911335401021654E-002   8.7120762592002257E-002  -4.1911335401021647E-002   8.7120762592002285E-002   8.7120762592002257E-002  -2.7658016537615644E-002  -4.1911335401021717E-002   8.7120762592002285E-002   8.7120762592002271E-002  -2.7658016537615630E-002   8.7120762592002285E-002  -2.7658016537615626E-002  -2.7658016537615633E-002   5.8416001050004898E-002  -1.9591555483587118E-002   2.7953995882293029E-002   2.7953995882292984E-002  -4.1911335401021647E-002   2.7953995882292991E-002  -4.1911335401021668E-002  -4.1911335401021647E-002   2.4572408058846581E-002   2.7953995882293019E-002  -4.1911335401021640E-002  -4.1911335401021661E-002   2.4572408058846563E-002  -4.1911335401021661E-002   2.4572408058846560E-002   2.4572408058846577E-002  -2.7935257793021088E-002   7.5042289589158401E-002  -4.1911335401021745E-002  -4.1911335401021661E-002   8.7120762592002285E-002  -4.1911335401021668E-002   8.7120762592002313E-002   8.7120762592002299E-002  -2.7658016537615640E-002  -4.1911335401021731E-002   8.7120762592002313E-002   8.7120762592002299E-002  -2.7658016537615630E-002   8.7120762592002313E-002  -2.7658016537615626E-002  -2.7658016537615637E-002   5.8416001050004926E-002   7.5042289589158359E-002  -4.1911335401021731E-002  -4.1911335401021661E-002   8.7120762592002257E-002  -4.1911335401021647E-002   8.7120762592002299E-002   8.7120762592002271E-002  -2.7658016537615640E-002  -4.1911335401021717E-002   8.7120762592002299E-002   8.7120762592002285E-002  -2.7658016537615626E-002   8.7120762592002285E-002  -2.7658016537615626E-002  -2.7658016537615626E-002   5.8416001050004912E-002   2.6799248883049259E-003   2.4572408058846609E-002   2.4572408058846574E-002  -2.7658016537615644E-002   2.4572408058846581E-002  -2.7658016537615640E-002  -2.7658016537615640E-002   3.4703127762575448E-002   2.4572408058846605E-002  -2.7658016537615637E-002  -2.7658016537615647E-002   3.4703127762575434E-002  -2.7658016537615640E-002   3.4703127762575420E-002   3.4703127762575448E-002  -2.1202158990262784E-002  -1.9591555483587167E-002   2.7953995882293071E-002   2.7953995882293015E-002  -4.1911335401021717E-002   2.7953995882293019E-002  -4.1911335401021731E-002  -4.1911335401021717E-002   2.4572408058846605E-002   2.7953995882293060E-002  -4.1911335401021710E-002  -4.1911335401021724E-002   2.4572408058846591E-002  -4.1911335401021731E-002   2.4572408058846588E-002   2.4572408058846605E-002  -2.7935257793021133E-002   7.5042289589158373E-002  -4.1911335401021717E-002  -4.1911335401021647E-002   8.7120762592002285E-002  -4.1911335401021640E-002   8.7120762592002313E-002   8.7120762592002299E-002  -2.7658016537615637E-002  -4.1911335401021710E-002   8.7120762592002299E-002   8.7120762592002299E-002  -2.7658016537615623E-002   8.7120762592002285E-002  -2.7658016537615619E-002  -2.7658016537615623E-002   5.8416001050004912E-002   7.5042289589158359E-002  -4.1911335401021731E-002  -4.1911335401021654E-002   8.7120762592002271E-002  -4.1911335401021661E-002   8.7120762592002299E-002   8.7120762592002285E-002  -2.7658016537615647E-002  -4.1911335401021724E-002   8.7120762592002299E-002   8.7120762592002299E-002  -2.7658016537615630E-002   8.7120762592002299E-002  -2.7658016537615633E-002  -2.7658016537615637E-002   5.8416001050004912E-002   2.6799248883049133E-003   2.4572408058846591E-002   2.4572408058846557E-002  -2.7658016537615630E-002   2.4572408058846563E-002  -2.7658016537615630E-002  -2.7658016537615626E-002   3.4703127762575434E-002   2.4572408058846591E-002  -2.7658016537615623E-002  -2.7658016537615630E-002   3.4703127762575434E-002  -2.7658016537615630E-002   3.4703127762575413E-002   3.4703127762575448E-002  -2.1202158990262777E-002   7.5042289589158373E-002  -4.1911335401021738E-002  -4.1911335401021654E-002   8.7120762592002285E-002  -4.1911335401021661E-002   8.7120762592002313E-002   8.7120762592002285E-002  -2.7658016537615640E-002  -4.1911335401021731E-002   8.7120762592002285E-002   8.7120762592002299E-002  -2.7658016537615630E-002   8.7120762592002313E-002  -2.7658016537615630E-002  -2.7658016537615633E-002   5.8416001050004919E-002   2.6799248883049103E-003   2.4572408058846591E-002   2.4572408058846553E-002  -2.7658016537615626E-002   2.4572408058846560E-002  -2.7658016537615626E-002  -2.7658016537615626E-002   3.4703127762575420E-002   2.4572408058846588E-002  -2.7658016537615619E-002  -2.7658016537615633E-002   3.4703127762575413E-002  -2.7658016537615630E-002   3.4703127762575385E-002   3.4703127762575420E-002  -2.1202158990262770E-002   2.6799248883049537E-003   2.4572408058846612E-002   2.4572408058846574E-002  -2.7658016537615633E-002   2.4572408058846577E-002  -2.7658016537615637E-002  -2.7658016537615626E-002   3.4703127762575448E-002   2.4572408058846605E-002  -2.7658016537615623E-002  -2.7658016537615637E-002   3.4703127762575448E-002  -2.7658016537615633E-002   3.4703127762575420E-002   3.4703127762575448E-002  -2.1202158990262773E-002   6.4687177739197091E-002  -2.7935257793021143E-002  -2.7935257793021098E-002   5.8416001050004898E-002  -2.7935257793021088E-002   5.8416001050004926E-002   5.8416001050004912E-002  -2.1202158990262784E-002  -2.7935257793021133E-002   5.8416001050004912E-002   5.8416001050004912E-002  -2.1202158990262777E-002   5.8416001050004919E-002  -2.1202158990262770E-002  -2.1202158990262773E-002   4.8224609290827426E-002
  0.25239775553343025        3.2696055158299910E-002   3.2696055158300034E-002  -7.5684105926670062E-002   3.2696055158300048E-002  -7.5684105926670089E-002  -7.5684105926670089E-002  -1.0357949444522910E-002   3.2696055158299937E-002  -7.5684105926670020E-002  -7.5684105926670076E-002  -1.0357949444522880E-002  -7.5684105926670076E-002  -1.0357949444522856E-002  -1.0357949444522884E-002  -5.2447777360506098E-002   3.2696055158299910E-002   6.0769880298457646E-002   6.0769880298457618E-002   1.9199307958966422E-002   6.0769880298457618E-002   1.9199307958966433E-002   1.9199307958966405E-002   3.3774319991900745E-004   6.0769880298457639E-002   1.9199307958966454E-002   1.9199307958966429E-002   3.3774319991900376E-004   1.9199307958966429E-002   3.3774319991902892E-004   3.3774319991897498E-004  -1.5762096890744051E-002   3.2696055158300034E-002   6.0769880298457618E-002   6.0769880298457597E-002   1.9199307958966332E-002   6.0769880298457590E-002   1.9199307958966343E-002   1.9199307958966315E-002   3.3774319991902935E-004   6.0769880298457618E-002   1.9199307958966363E-002   1.9199307958966339E-002   3.3774319991902572E-004   1.9199307958966336E-002   3.3774319991905185E-004   3.3774319991899699E-004  -1.5762096890744010E-002  -7.5684105926670062E-002   1.9199307958966422E-002   1.9199307958966332E-002   5.0203637683889378E-002   1.9199307958966318E-002   5.0203637683889399E-002   5.0203637683889385E-002  -3.6320672226091699E-003   1.9199307958966395E-002   5.0203637683889378E-002   5.0203637683889392E-002  -3.6320672226091838E-003   5.0203637683889385E-002  -3.6320672226091851E-003  -3.6320672226092116E-003  -3.2093458375204338E-003   3.2696055158300048E-002   6.0769880298457618E-002   6.0769880298457590E-002   1.9199307958966318E-002   6.0769880298457590E-002   1.9199307958966332E-002   1.9199307958966304E-002   3.3774319991903895E-004   6.0769880298457611E-002   1.9199307958966350E-002   1.9199307958966325E-002   3.3774319991903531E-004   1.9199307958966325E-002   3.3774319991906144E-004   3.3774319991900485E-004  -1.5762096890743989E-002  -7.5684105926670089E-002   1.9199307958966433E-002   1.9199307958966343E-002   5.0203637683889399E-002   1.9199307958966332E-002   5.0203637683889420E-002   5.0203637683889406E-002  -3.6320672226091747E-003   1.9199307958966412E-002   5.0203637683889406E-002   5.0203637683889413E-002  -3.6320672226091890E-003   5.0203637683889413E-002  -3.6320672226091873E-003  -3.6320672226092133E-003  -3.2093458375204321E-003  -7.5684105926670089E-002   1.9199307958966405E-002   1.9199307958966315E-002   5.0203637683889385E-002   1.9199307958966304E-002   5.0203637683889406E-002   5.0203637683889392E-002  -3.6320672226091777E-003   1.9199307958966384E-002   5.0203637683889392E-002   5.0203637683889399E-002  -3.6320672226091933E-003   5.0203637683889399E-002  -3.6320672226091916E-003  -3.6320672226092194E-003  -3.2093458375204468E-003  -1.0357949444522910E-002   3.3774319991900745E-004   3.3774319991902935E-004  -3.6320672226091699E-003   3.3774319991903895E-004  -3.6320672226091747E-003  -3.6320672226091777E-003   1.9279980193285355E-002   3.3774319991901526E-004  -3.6320672226091756E-003  -3.6320672226091725E-003   1.9279980193285352E-002  -3.6320672226091730E-003   1.9279980193285355E-002   1.9279980193285372E-002   4.7587564534242142E-002   3.2696055158299937E-002   6.0769880298457639E-002   6.0769880298457618E-002   1.9199307958966395E-002   6.0769880298457611E-002   1.9199307958966412E-002   1.9199307958966384E-002   3.3774319991901526E-004   6.0769880298457625E-002   1.9199307958966426E-002   1.9199307958966409E-002   3.3774319991901152E-004   1.9199307958966402E-002   3.3774319991903775E-004   3.3774319991898197E-004  -1.5762096890744034E-002  -7.5684105926670020E-002   1.9199307958966454E-002   1.9199307958966363E-002   5.0203637683889378E-002   1.9199307958966350E-002   5.0203637683889406E-002   5.0203637683889392E-002  -3.6320672226091756E-003   1.9199307958966426E-002   5.0203637683889392E-002   5.0203637683889392E-002  -3.6320672226091916E-003   5.0203637683889392E-002  -3.6320672226091894E-003  -3.6320672226092172E-003  -3.2093458375204516E-003  -7.5684105926670076E-002   1.9199307958966429E-002   1.9199307958966339E-002   5.0203637683889392E-002   1.9199307958966325E-002   5.0203637683889413E-002   5.0203637683889399E-002  -3.6320672226091725E-003   1.9199307958966409E-002   5.0203637683889392E-002   5.0203637683889406E-002  -3.6320672226091864E-003   5.0203637683889399E-002  -3.6320672226091851E-003  -3.6320672226092146E-003  -3.2093458375204334E-003  -1.0357949444522880E-002   3.3774319991900376E-004   3.3774319991902572E-004  -3.6320672226091838E-003   3.3774319991903531E-004  -3.6320672226091890E-003  -3.6320672226091933E-003   1.9279980193285352E-002   3.3774319991901152E-004  -3.6320672226091916E-003  -3.6320672226091864E-003   1.9279980193285345E-002  -3.6320672226091873E-003   1.9279980193285348E-002   1.9279980193285366E-002   4.7587564534242129E-002  -7.5684105926670076E-002   1.9199307958966429E-002   1.9199307958966336E-002   5.0203637683889385E-002   1.9199307958966325E-002   5.0203637683889413E-002   5.0203637683889399E-002  -3.6320672226091730E-003   1.9199307958966402E-002   5.0203637683889392E-002   5.0203637683889399E-002  -3.6320672226091873E-003   5.0203637683889399E-002  -3.6320672226091855E-003  -3.6320672226092150E-003  -3.2093458375204338E-003  -1.0357949444522856E-002   3.3774319991902892E-004   3.3774319991905185E-004  -3.6320672226091851E-003   3.3774319991906144E-004  -3.6320672226091873E-003  -3.6320672226091916E-003   1.9279980193285355E-002   3.3774319991903775E-004  -3.6320672226091894E-003  -3.6320672226091851E-003   1.9279980193285348E-002  -3.6320672226091855E-003   1.9279980193285359E-002   1.9279980193285372E-002   4.7587564534242136E-002  -1.0357949444522884E-002   3.3774319991897498E-004   3.3774319991899699E-004  -3.6320672226092116E-003   3.3774319991900485E-004  -3.6320672226092133E-003  -3.6320672226092194E-003   1.9279980193285372E-002   3.3774319991898197E-004  -3.6320672226092172E-003  -3.6320672226092146E-003   1.9279980193285366E-002  -3.6320672226092150E-003   1.9279980193285372E-002   1.9279980193285390E-002   4.7587564534242198E-002  -5.2447777360506098E-002  -1.5762096890744051E-002  -1.5762096890744010E-002  -3.2093458375204338E-003  -1.5762096890743989E-002  -3.2093458375204321E-003  -3.2093458375204468E-003   4.7587564534242142E-002  -1.5762096890744034E-002  -3.2093458375204516E-003  -3.2093458375204334E-003   4.7587564534242129E-002  -3.2093458375204338E-003   4.7587564534242136E-002   4.7587564534242198E-002  0.12618097639626208     
