   1.4278899419423908E-002   1.5507022661725935E-002  -5.8510357664039586E-003   4.4024989397053696E-002  -3.8775971209267526E-002   6.0732826116912091E-003  -2.1668372238337071E-002   1.3707222660067254E-002   3.0251161815537431E-002  -2.3131571791662663E-002  -1.8915507004631661E-002   1.2219043761306786E-002   6.9891724739334846E-003  -2.2208415051662290E-003  -3.9143611411976420E-002  -3.0083479013056292E-002   1.5507022661725935E-002   4.3397187703968658E-002  -1.5411391332069112E-003   2.0865907966671888E-002  -7.7544598495563610E-003  -2.5677668296622214E-002  -5.6933739669833526E-003   4.1363757368920208E-002  -1.5197419854791568E-002  -5.1873492470997540E-002  -2.1028528910208410E-002  -1.2495453410437214E-002   7.1114324219046874E-003   2.6530463063584003E-002  -4.7673539676834846E-002  -5.3928326664894589E-002  -5.8510357664039586E-003  -1.5411391332069112E-003   3.2699115515882841E-003  -2.2923720666950767E-002   2.2116020393158600E-002  -8.3379225425892281E-003   1.2112127952075722E-002  -8.1792607245099840E-004  -2.1104730660667405E-002   4.6299170517339399E-003   7.6628662379217855E-003  -9.6767600524505469E-003  -2.9507316888378932E-003   6.1555989730127528E-003   1.5104008935580712E-002   8.4745126337108408E-003   4.4024989397053696E-002   2.0865907966671888E-002  -2.2923720666950767E-002  0.16307933654711707      -0.15441504640061687        5.1471617206548845E-002  -8.4908514253861728E-002   1.5396714050053439E-002  0.14202575172331589       -4.4175227761358418E-002  -5.7827440389039954E-002   6.3817105050733500E-002   2.2035052304891063E-002  -3.6213876704971254E-002 -0.11544949062158041       -7.1185033604281966E-002  -3.8775971209267526E-002  -7.7544598495563610E-003   2.2116020393158600E-002 -0.15441504640061687       0.14974847040232966       -5.8245388462349779E-002   8.1921229311839025E-002  -2.9688830906007824E-003 -0.14431442705711317        2.8206256207357984E-002   5.0738319436289633E-002  -6.6515538377984351E-002  -1.9599423734423832E-002   4.3474267340646001E-002   9.9619171219848798E-002   5.4193957902341730E-002   6.0732826116912091E-003  -2.5677668296622214E-002  -8.3379225425892281E-003   5.1471617206548845E-002  -5.8245388462349779E-002   4.1804077079169277E-002  -3.0895157137524165E-002  -2.6347381839894740E-002   7.1261291334630134E-002   2.2672856515305526E-002  -7.4546319002656300E-003   3.6509239484049556E-002   3.5546894204039579E-003  -3.6117438744718913E-002  -1.0374355828380573E-002   1.3038048350060642E-002  -2.1668372238337071E-002  -5.6933739669833526E-003   1.2112127952075722E-002  -8.4908514253861728E-002   8.1921229311839025E-002  -3.0895157137524165E-002   4.4864718472289102E-002  -3.0151119473149288E-003  -7.8183292741195717E-002   1.7132064214040874E-002   2.8377939667741499E-002  -3.5849899294583959E-002  -1.0927813632627931E-002   2.2811517451710533E-002   5.5932554336585727E-002   3.1372801416368924E-002   1.3707222660067254E-002   4.1363757368920208E-002  -8.1792607245099840E-004   1.5396714050053439E-002  -2.9688830906007824E-003  -2.6347381839894740E-002  -3.0151119473149288E-003   3.9557418857215643E-002  -1.8867828497701300E-002  -4.8878435510490294E-002  -1.8642859511802501E-002  -1.3959134311068287E-002   6.2318957834258601E-003   2.6724479050958733E-002  -4.2724312512241666E-002  -5.0073320099604510E-002   3.0251161815537431E-002  -1.5197419854791568E-002  -2.1104730660667405E-002  0.14202575172331589      -0.14431442705711317        7.1261291334630134E-002  -7.8183292741195717E-002  -1.8867828497701300E-002  0.15103113495623977       -6.0130440661652212E-004  -3.9194694688903998E-002   7.2506502477771101E-002   1.5673671114589671E-002  -5.7072528317694715E-002  -7.3587183286925997E-002  -2.5272075659138263E-002  -2.3131571791662663E-002  -5.1873492470997540E-002   4.6299170517339399E-003  -4.4175227761358418E-002   2.8206256207357984E-002   2.2672856515305526E-002   1.7132064214040874E-002  -4.8878435510490294E-002  -6.0130440661652212E-004   6.4422548025964588E-002   3.1132489247134132E-002   6.1609458985747885E-003  -1.0839929147950463E-002  -2.5558170673375843E-002   6.8613279184317880E-002   7.0148964212085996E-002  -1.8915507004631661E-002  -2.1028528910208410E-002   7.6628662379217855E-003  -5.7827440389039954E-002   5.0738319436289633E-002  -7.4546319002656300E-003   2.8377939667741499E-002  -1.8642859511802501E-002  -3.9194694688903998E-002   3.1132489247134132E-002   2.5066599899339872E-002  -1.5715152878510906E-002  -9.2499129668113661E-003   2.4122086487395342E-003   5.1948735009817136E-002   4.0241217854388299E-002   1.2219043761306786E-002  -1.2495453410437214E-002  -9.6767600524505469E-003   6.3817105050733500E-002  -6.6515538377984351E-002   3.6509239484049556E-002  -3.5849899294583959E-002  -1.3959134311068287E-002   7.2506502477771101E-002   6.1609458985747885E-003  -1.5715152878510906E-002   3.5454392731816733E-002   6.4455369305468045E-003  -2.9980763688782018E-002  -2.8487385899736893E-002  -5.1194286451195399E-003   6.9891724739334846E-003   7.1114324219046874E-003  -2.9507316888378932E-003   2.2035052304891063E-002  -1.9599423734423832E-002   3.5546894204039579E-003  -1.0927813632627931E-002   6.2318957834258601E-003   1.5673671114589671E-002  -1.0839929147950463E-002  -9.2499129668113661E-003   6.4455369305468045E-003   3.4296645011946836E-003  -1.6089477271586730E-003  -1.9066736633626617E-002  -1.4341806144790571E-002  -2.2208415051662290E-003   2.6530463063584003E-002   6.1555989730127528E-003  -3.6213876704971254E-002   4.3474267340646001E-002  -3.6117438744718913E-002   2.2811517451710533E-002   2.6724479050958733E-002  -5.7072528317694715E-002  -2.5558170673375843E-002   2.4122086487395342E-003  -2.9980763688782018E-002  -1.6089477271586730E-003   3.1887996785862252E-002   4.6105036755136886E-004  -1.8488227269480791E-002  -3.9143611411976420E-002  -4.7673539676834846E-002   1.5104008935580712E-002 -0.11544949062158041        9.9619171219848798E-002  -1.0374355828380573E-002   5.5932554336585727E-002  -4.2724312512241666E-002  -7.3587183286925997E-002   6.8613279184317880E-002   5.1948735009817136E-002  -2.8487385899736893E-002  -1.9066736633626617E-002   4.6105036755136886E-004  0.10831060083349475        8.6602603457514887E-002  -3.0083479013056292E-002  -5.3928326664894589E-002   8.4745126337108408E-003  -7.1185033604281966E-002   5.4193957902341730E-002   1.3038048350060642E-002   3.1372801416368924E-002  -5.0073320099604510E-002  -2.5272075659138263E-002   7.0148964212085996E-002   4.0241217854388299E-002  -5.1194286451195399E-003  -1.4341806144790571E-002  -1.8488227269480791E-002   8.6602603457514887E-002   8.0397042232985702E-002
   2.3116027866375146E-002   7.8702576512823634E-003   4.2384594851325877E-003   1.2531032882931701E-002   4.4308188364797843E-002   1.8234087834541887E-002  -1.2570033123207803E-002   1.5691071359116657E-002  -4.6834566993626141E-002   2.0490757827890740E-002   1.9539072202273138E-003   1.2703920374997236E-003  -5.8952530252534300E-003   6.7733010979058985E-003  -3.0133239594169855E-002   1.5436548253002282E-002   7.8702576512823634E-003   8.0629468673259680E-002  -1.0774031564944593E-003  -5.9447587129520842E-002  -9.4352774254755165E-003   2.0467291946137719E-002   4.1314099341348547E-002   7.1947318992089835E-003  -1.7581469530511668E-002   3.8134866420941403E-002   6.6244684941834352E-003   4.8558048492612547E-002  -1.6344592770205866E-002  -6.3161314727278707E-003  -1.4598280072849698E-002  -2.6123056350269864E-002   4.2384594851325877E-003  -1.0774031564944593E-003   4.7418124675547265E-003   7.9782682402552811E-003   1.9820642719616956E-002   8.3073717896712477E-003  -6.5877959074755934E-003   9.2235185337446318E-003  -1.9037720795454929E-002   1.5306494158306881E-003  -3.0086595255392357E-003  -1.6235922678262012E-003   1.5816072412877136E-003   6.7131300657964268E-003  -9.4862063492668746E-003   9.8378321741859568E-003   1.2531032882931701E-002  -5.9447587129520842E-002   7.9782682402552811E-003  0.14427498726140242        6.4528244728476722E-002   3.6617222807091315E-002  -7.9668490650953633E-002   2.9102666184754503E-002  -1.4044221514434931E-002  -4.6676218964189324E-002  -5.3110895375389149E-002  -5.7113761570605256E-002   1.9855405058724941E-002   5.2411178863015037E-002   2.5391491425132987E-002   6.1136453154915414E-002   4.4308188364797843E-002  -9.4352774254755165E-003   1.9820642719616956E-002   6.4528244728476722E-002  0.14488098004446756        5.9351782236414727E-002  -5.2576797632157168E-002   5.7929188734487359E-002 -0.13604743942623357        3.4953786442599485E-002  -1.1415692739608643E-002  -1.1990317178156185E-002  -5.0192384003170743E-003   3.7558288401262109E-002  -7.8191135739355336E-002   6.5823425088589627E-002   1.8234087834541887E-002   2.0467291946137719E-002   8.3073717896712477E-003   3.6617222807091315E-002   5.9351782236414727E-002   4.5028114613924794E-002  -1.7759302922889957E-002   3.4648879884964581E-002  -5.9429977627750014E-002   1.1174182790038440E-002  -2.0444567181662304E-002   4.3293521911628398E-003   2.0496263396828059E-003   2.9561500752976762E-002  -2.0238385582050232E-002   2.8247815628746138E-002  -1.2570033123207803E-002   4.1314099341348547E-002  -6.5877959074755934E-003  -7.9668490650953633E-002  -5.2576797632157168E-002  -1.7759302922889957E-002   5.6348207876042923E-002  -1.9186884156791057E-002   2.4349227449861469E-002   1.8084667889613444E-002   2.7407439684636947E-002   3.4635894106878333E-002   1.9317873356845854E-004  -2.7324360857570073E-002   3.4138842491747631E-003  -4.0499732328726043E-002   1.5691071359116657E-002   7.1947318992089835E-003   9.2235185337446318E-003   2.9102666184754503E-002   5.7929188734487359E-002   3.4648879884964581E-002  -1.9186884156791057E-002   3.1131064351495475E-002  -6.1543010037342714E-002   9.0669709044904415E-003  -1.4283041347445362E-002   1.3419852423215097E-004   2.2249481879457983E-003   2.4277938352695400E-002  -2.5922236798954383E-002   2.8741555046202693E-002  -4.6834566993626141E-002  -1.7581469530511668E-002  -1.9037720795454929E-002  -1.4044221514434931E-002 -0.13604743942623357       -5.9429977627750014E-002   2.4349227449861469E-002  -6.1543010037342714E-002  0.17190959672948761       -5.0789334547641181E-002  -4.5183985467049060E-003  -1.1454392630605393E-002   1.4812924992734094E-003  -2.8578343001521730E-002   9.9402914490632155E-002  -5.4091789076315899E-002   2.0490757827890740E-002   3.8134866420941403E-002   1.5306494158306881E-003  -4.6676218964189324E-002   3.4953786442599485E-002   1.1174182790038440E-002   1.8084667889613444E-002   9.0669709044904415E-003  -5.0789334547641181E-002   5.3890187638915982E-002   2.4777695518867181E-002   2.9597255452372871E-002  -2.3480562032845757E-002  -1.3946436443470701E-002  -5.2596241731416152E-002  -6.5590331037238808E-003   1.9539072202273138E-003   6.6244684941834352E-003  -3.0086595255392357E-003  -5.3110895375389149E-002  -1.1415692739608643E-002  -2.0444567181662304E-002   2.7407439684636947E-002  -1.4283041347445362E-002  -4.5183985467049060E-003   2.4777695518867181E-002   3.3589870115517270E-002   1.4064050691724160E-002  -4.9320582087624722E-003  -2.6864786765899054E-002  -2.3218354864591624E-002  -1.8984458127075006E-002   1.2703920374997236E-003   4.8558048492612547E-002  -1.6235922678262012E-003  -5.7113761570605256E-002  -1.1990317178156185E-002   4.3293521911628398E-003   3.4635894106878333E-002   1.3419852423215097E-004  -1.1454392630605393E-002   2.9597255452372871E-002   1.4064050691724160E-002   3.4953632570139920E-002  -1.2398573768489943E-002  -1.2420465569937663E-002  -1.6084719331981724E-002  -2.2259405567082963E-002  -5.8952530252534300E-003  -1.6344592770205866E-002   1.5816072412877136E-003   1.9855405058724941E-002  -5.0192384003170743E-003   2.0496263396828059E-003   1.9317873356845854E-004   2.2249481879457983E-003   1.4812924992734094E-003  -2.3480562032845757E-002  -4.9320582087624722E-003  -1.2398573768489943E-002   2.6175755674143261E-002   9.3376933009029512E-003   1.6694207867212509E-002   8.0853698245994098E-003   6.7733010979058985E-003  -6.3161314727278707E-003   6.7131300657964268E-003   5.2411178863015037E-002   3.7558288401262109E-002   2.9561500752976762E-002  -2.7324360857570073E-002   2.4277938352695400E-002  -2.8578343001521730E-002  -1.3946436443470701E-002  -2.6864786765899054E-002  -1.2420465569937663E-002   9.3376933009029512E-003   2.9552058359057984E-002   2.6923830505224526E-003   2.8451736684578347E-002  -3.0133239594169855E-002  -1.4598280072849698E-002  -9.4862063492668746E-003   2.5391491425132987E-002  -7.8191135739355336E-002  -2.0238385582050232E-002   3.4138842491747631E-003  -2.5922236798954383E-002   9.9402914490632155E-002  -5.2596241731416152E-002  -2.3218354864591624E-002  -1.6084719331981724E-002   1.6694207867212509E-002   2.6923830505224526E-003   7.8196178899502394E-002  -1.9417449507906779E-002   1.5436548253002282E-002  -2.6123056350269864E-002   9.8378321741859568E-003   6.1136453154915414E-002   6.5823425088589627E-002   2.8247815628746138E-002  -4.0499732328726043E-002   2.8741555046202693E-002  -5.4091789076315899E-002  -6.5590331037238808E-003  -1.8984458127075006E-002  -2.2259405567082963E-002   8.0853698245994098E-003   2.8451736684578347E-002  -1.9417449507906779E-002   4.1582056858712128E-002
   8.8852322163295860E-002  -3.1659973219387100E-002  -8.1312554691469890E-003  -4.4774250053546530E-002   5.4800556534175104E-003  -1.8938336926464912E-002   1.7951724683389181E-002   1.3138559078698205E-002   2.4139635275279236E-002   1.0548615459222999E-002   1.1458007924659740E-002  -3.2929553035266432E-003  -1.7588808139514366E-002   1.0852360635351485E-002  -1.5448870211843456E-002  -4.5697738573861222E-003  -3.1659973219387100E-002  0.14176193173616877       -2.4860130805289003E-002   1.8301244699605920E-002  -4.4448101249228988E-002  -1.0987442482492081E-002  -1.9652669737197336E-002  -2.1435870316527755E-002  -6.2124888180304032E-002  -1.9385361363860647E-002   2.0180756071310757E-002  -8.1073282046228452E-003   3.5452960752813824E-002  -9.9673834269508044E-003   2.6821198873028688E-002  -1.8421366433931730E-003  -8.1312554691469890E-003  -2.4860130805289003E-002   2.2644114438878038E-002   1.2554725186409739E-002   1.6708676150568917E-002  -2.7502608429621263E-003  -2.2854879459346992E-003   7.0627574324924110E-003  -5.1109165214655201E-003   3.6434310554493620E-003  -2.7069283913945991E-004   1.0405124226729224E-002  -6.5264659650233463E-003   3.3867394956573638E-003  -2.6471832265981326E-003   3.9728978986276484E-003  -4.4774250053546530E-002   1.8301244699605920E-002   1.2554725186409739E-002   9.5134226043311843E-002   5.3259873594670659E-002   9.7867699296772769E-003  -5.9553768209901450E-002  -1.9076659839709877E-002  -8.9806294253474375E-002  -4.4528469779291348E-002  -3.1434534899860450E-002   1.9934375605935275E-002   2.9575691673117754E-002  -1.9472686769972172E-002   2.9056231074656401E-002   1.4517525956774139E-002   5.4800556534175104E-003  -4.4448101249228988E-002   1.6708676150568917E-002   5.3259873594670659E-002  0.17930197462535755       -2.8693468443857586E-002  -3.0301076766653629E-002  -7.8250647286508886E-004 -0.13105310910090248       -6.2512742421529363E-002  -3.4443006732854900E-002   4.4232792440831864E-002   3.0670279646983888E-002  -2.2752965225841706E-002  -2.7399099189174620E-002   3.6333032875106676E-002  -1.8938336926464912E-002  -1.0987442482492081E-002  -2.7502608429621263E-003   9.7867699296772769E-003  -2.8693468443857586E-002   2.6756024543445181E-002  -2.4142555029233611E-003  -6.0442796820515191E-003   3.8000032879689484E-002   7.7912334243570944E-003  -1.2876997523100977E-002  -1.0386401457576837E-002  -4.5337358465318374E-003  -1.6523598283695159E-003   1.0621187118847446E-002  -6.5921946649810546E-003   1.7951724683389181E-002  -1.9652669737197336E-002  -2.2854879459346992E-003  -5.9553768209901450E-002  -3.0301076766653629E-002  -2.4142555029233611E-003   4.7341136485254974E-002   1.4289916783390613E-002   5.1828950770678950E-002   3.2448439900273601E-002   1.9653457573277820E-002  -8.3765163353042640E-003  -1.7452402290868141E-002   1.0991430422974947E-002  -2.7302946619393038E-002  -5.2375406846425802E-003   1.3138559078698205E-002  -2.1435870316527755E-002   7.0627574324924110E-003  -1.9076659839709877E-002  -7.8250647286508886E-004  -6.0442796820515191E-003   1.4289916783390613E-002   1.1690858883437134E-002   1.4361038281159876E-002   1.4741499866134143E-002   7.8006265823616630E-003   2.2624489572340895E-003  -1.6814492632060252E-002   8.8794302609012700E-003  -1.0276286920035285E-002  -1.2716836204827201E-003   2.4139635275279236E-002  -6.2124888180304032E-002  -5.1109165214655201E-003  -8.9806294253474375E-002 -0.13105310910090248        3.8000032879689484E-002   5.1828950770678950E-002   1.4361038281159876E-002  0.21565452781639530        7.4104993169322037E-002   1.4964535348721457E-002  -4.7555189178751796E-002  -5.6920903813980503E-002   2.8730538022237271E-002   2.2662708711992342E-003  -3.8491053825641136E-002   1.0548615459222999E-002  -1.9385361363860647E-002   3.6434310554493620E-003  -4.4528469779291348E-002  -6.2512742421529363E-002   7.7912334243570944E-003   3.2448439900273601E-002   1.4741499866134143E-002   7.4104993169322037E-002   4.2351671211134083E-002   1.8546879912965181E-002  -1.3923720229570901E-002  -3.2510760278419197E-002   1.8225172084885308E-002  -6.0587883716060184E-003  -1.4345334277269722E-002   1.1458007924659740E-002   2.0180756071310757E-002  -2.7069283913945991E-004  -3.1434534899860450E-002  -3.4443006732854900E-002  -1.2876997523100977E-002   1.9653457573277820E-002   7.8006265823616630E-003   1.4964535348721457E-002   1.8546879912965181E-002   2.4499465340173315E-002  -4.9042482892970932E-003  -7.8125671304440369E-003   9.7903839774426248E-003  -5.5304799162616356E-003  -5.5385105010493998E-003  -3.2929553035266432E-003  -8.1073282046228452E-003   1.0405124226729224E-002   1.9934375605935275E-002   4.4232792440831864E-002  -1.0386401457576837E-002  -8.3765163353042640E-003   2.2624489572340895E-003  -4.7555189178751796E-002  -1.3923720229570901E-002  -4.9042482892970932E-003   1.6107293597377288E-002   6.9651311926753057E-003  -4.3405613781205563E-003  -6.9174716770009342E-003   1.1218414582394965E-002  -1.7588808139514366E-002   3.5452960752813824E-002  -6.5264659650233463E-003   2.9575691673117754E-002   3.0670279646983888E-002  -4.5337358465318374E-003  -1.7452402290868141E-002  -1.6814492632060252E-002  -5.6920903813980503E-002  -3.2510760278419197E-002  -7.8125671304440369E-003   6.9651311926753057E-003   3.8867372172597128E-002  -1.8219628989107998E-002   2.8718775252463808E-003   1.1286581593411888E-002   1.0852360635351485E-002  -9.9673834269508044E-003   3.3867394956573638E-003  -1.9472686769972172E-002  -2.2752965225841706E-002  -1.6523598283695159E-003   1.0991430422974947E-002   8.8794302609012700E-003   2.8730538022237271E-002   1.8225172084885308E-002   9.7903839774426248E-003  -4.3405613781205563E-003  -1.8219628989107998E-002   1.0400691992415681E-002  -1.2687081528545286E-003  -6.5624541622759007E-003  -1.5448870211843456E-002   2.6821198873028688E-002  -2.6471832265981326E-003   2.9056231074656401E-002  -2.7399099189174620E-002   1.0621187118847446E-002  -2.7302946619393038E-002  -1.0276286920035285E-002   2.2662708711992342E-003  -6.0587883716060184E-003  -5.5304799162616356E-003  -6.9174716770009342E-003   2.8718775252463808E-003  -1.2687081528545286E-003   2.8961688820089530E-002  -7.0408820382002052E-003  -4.5697738573861222E-003  -1.8421366433931730E-003   3.9728978986276484E-003   1.4517525956774139E-002   3.6333032875106676E-002  -6.5921946649810546E-003  -5.2375406846425802E-003  -1.2716836204827201E-003  -3.8491053825641136E-002  -1.4345334277269722E-002  -5.5385105010493998E-003   1.1218414582394965E-002   1.1286581593411888E-002  -6.5624541622759007E-003  -7.0408820382002052E-003   9.6747001306688226E-003
   7.0612118117945613E-002   1.2960020752888672E-002   8.5678157347140529E-003   6.5550675672946110E-003  -3.8110238641098186E-002  -1.1754018454666743E-002  -1.9100293073512967E-002   2.4439293066747356E-003   1.6904028959600872E-002  -1.2209195881461871E-002  -1.5375780713789018E-002  -1.0054212961513409E-002   6.0011061736961529E-003   3.2411762959892185E-003  -6.1338830172825336E-003   9.5219004247848427E-004   1.2960020752888672E-002  0.17415276091594079       -3.1335992473945799E-002  -7.3073446436299969E-003  -6.8926079509684518E-002  -3.1179025319835924E-002  -3.4065731530750973E-002   5.3857348082733403E-003  -9.9970956128097241E-002  -1.9131064886577887E-002  -3.0704679335555762E-002  -1.2316572597397575E-002  -1.9733187693182629E-002   7.3416215401662680E-003   3.4577461969374562E-003   6.7767008375889184E-003   8.5678157347140529E-003  -3.1335992473945799E-002   5.5392592373459108E-002  -9.6576121775386447E-003   1.5988510209684413E-002   3.3837151182112796E-003   5.6780176609565738E-003  -7.0274575389170915E-003   1.7808727789143688E-002   1.3287504848605582E-002   8.7557843785497219E-003  -8.1689482651246424E-004  -5.0096050367053188E-003  -5.9925722990599190E-003   6.1156392744825955E-004  -2.8018697341600349E-004   6.5550675672946110E-003  -7.3073446436299969E-003  -9.6576121775386447E-003   4.2061250541383023E-002  -5.4488459502647843E-002  -7.2741945074331271E-003  -3.4548444896738327E-002   9.1138053626057380E-003   7.1076859390132890E-002  -3.0076562697327076E-002  -4.1615443581386512E-003   1.1548922342826803E-003   4.4853234261059312E-002   3.3758679714997776E-003  -2.0778642894225156E-002  -7.9422679742184154E-003  -3.8110238641098186E-002  -6.8926079509684518E-002   1.5988510209684413E-002  -5.4488459502647843E-002  0.19982933326760433        4.3355396634220507E-002   9.0754481639039583E-002  -2.3174119800342109E-002 -0.12778769024467507        8.7992522367950438E-002   3.4049127514898296E-002  -9.7538346347438227E-004  -6.9099074752467418E-002  -1.1024479620278962E-002   3.6063292542335486E-002   1.2583357996610606E-002  -1.1754018454666743E-002  -3.1179025319835924E-002   3.3837151182112796E-003  -7.2741945074331271E-003   4.3355396634220507E-002   1.3207872375098949E-002   2.0440928868466202E-002  -4.7851788362852140E-003  -1.3962282711563882E-002   1.8143328031026144E-002   1.1530770751357977E-002   3.4333041269674625E-003  -9.2149950251306043E-003  -3.5545580147793971E-003   5.5740604216114624E-003   5.3377749207364283E-004  -1.9100293073512967E-002  -3.4065731530750973E-002   5.6780176609565738E-003  -3.4548444896738327E-002   9.0754481639039583E-002   2.0440928868466202E-002   5.1014362048812843E-002  -1.0535626429388342E-002  -6.4102676877984502E-002   4.3244171844566706E-002   1.8044954088240549E-002   1.7362385328948226E-003  -3.9285554335652874E-002  -4.3564401407723023E-003   2.2153261597503051E-002   6.9769573125740636E-003   2.4439293066747356E-003   5.3857348082733403E-003  -7.0274575389170915E-003   9.1138053626057380E-003  -2.3174119800342109E-002  -4.7851788362852140E-003  -1.0535626429388342E-002   4.1911371222000801E-003   2.0042867352472415E-002  -1.2265972933796152E-002  -3.5159239198599120E-003   8.7150635368468785E-004   1.1891176779475047E-002   2.4453930470546077E-003  -4.6203832210583370E-003  -1.8545396226578880E-003   1.6904028959600872E-002  -9.9970956128097241E-002   1.7808727789143688E-002   7.1076859390132890E-002 -0.12778769024467507       -1.3962282711563882E-002  -6.4102676877984502E-002   2.0042867352472415E-002  0.24735459905268894       -7.5675635328170079E-002   2.1428851139701900E-004   1.6777896397594142E-002  0.10150526415988921        3.7876389712244497E-003  -4.4346612911869948E-002  -2.2293783620032068E-002  -1.2209195881461871E-002  -1.9131064886577887E-002   1.3287504848605582E-002  -3.0076562697327076E-002   8.7992522367950438E-002   1.8143328031026144E-002   4.3244171844566706E-002  -1.2265972933796152E-002  -7.5675635328170079E-002   4.5006425072927833E-002   1.4240346512739168E-002  -3.5100672708664837E-003  -3.9491298204987681E-002  -5.2286474684951857E-003   1.9390378933083246E-002   7.7656674334095023E-003  -1.5375780713789018E-002  -3.0704679335555762E-002   8.7557843785497219E-003  -4.1615443581386512E-003   3.4049127514898296E-002   1.1530770751357977E-002   1.8044954088240549E-002  -3.5159239198599120E-003   2.1428851139701900E-004   1.4240346512739168E-002   1.5897121831255398E-002   6.9254197354758655E-003  -3.3269948538215597E-003  -3.7741724651645958E-003   3.9856197901118650E-003  -1.4154180191580218E-003  -1.0054212961513409E-002  -1.2316572597397575E-002  -8.1689482651246424E-004   1.1548922342826803E-003  -9.7538346347438227E-004   3.4333041269674625E-003   1.7362385328948226E-003   8.7150635368468785E-004   1.6777896397594142E-002  -3.5100672708664837E-003   6.9254197354758655E-003   8.4382364805969841E-003   5.3745054874604322E-003  -1.8509026689071237E-003  -1.4944981123203509E-003  -3.5214413776023519E-003   6.0011061736961529E-003  -1.9733187693182629E-002  -5.0096050367053188E-003   4.4853234261059312E-002  -6.9099074752467418E-002  -9.2149950251306043E-003  -3.9285554335652874E-002   1.1891176779475047E-002  0.10150526415988921       -3.9491298204987681E-002  -3.3269948538215597E-003   5.3745054874604322E-003   5.4752900032268195E-002   4.0254347761393599E-003  -2.3841850434542955E-002  -1.0538428879509062E-002   3.2411762959892185E-003   7.3416215401662680E-003  -5.9925722990599190E-003   3.3758679714997776E-003  -1.1024479620278962E-002  -3.5545580147793971E-003  -4.3564401407723023E-003   2.4453930470546077E-003   3.7876389712244497E-003  -5.2286474684951857E-003  -3.7741724651645958E-003  -1.8509026689071237E-003   4.0254347761393599E-003   2.5200570675744127E-003  -8.4847003990673811E-004   4.3130560371579837E-004  -6.1338830172825336E-003   3.4577461969374562E-003   6.1156392744825955E-004  -2.0778642894225156E-002   3.6063292542335486E-002   5.5740604216114624E-003   2.2153261597503051E-002  -4.6203832210583370E-003  -4.4346612911869948E-002   1.9390378933083246E-002   3.9856197901118650E-003  -1.4944981123203509E-003  -2.3841850434542955E-002  -8.4847003990673811E-004   1.2511587713402541E-002   4.9945860285555421E-003   9.5219004247848427E-004   6.7767008375889184E-003  -2.8018697341600349E-004  -7.9422679742184154E-003   1.2583357996610606E-002   5.3377749207364283E-004   6.9769573125740636E-003  -1.8545396226578880E-003  -2.2293783620032068E-002   7.7656674334095023E-003  -1.4154180191580218E-003  -3.5214413776023519E-003  -1.0538428879509062E-002   4.3130560371579837E-004   4.9945860285555421E-003   3.0576459868401824E-003
   2.6018466277899010E-002  -7.7555597440489409E-003   7.3653627159807507E-003   4.0222702738314355E-003   4.2153518333572754E-002  -1.1006599288249107E-002  -1.2030503452654120E-002  -2.0869496906119047E-003  -4.0897557677096852E-002  -2.2987627742279634E-002   8.5461676622349894E-003  -1.6055445185288782E-002   2.8762895429200238E-002   1.8144834548346203E-003   2.4644719623948619E-003  -5.0229156428660288E-003  -7.7555597440489409E-003  0.13080638627773714       -2.5312899354213662E-002   1.4663656235565935E-002  -5.2669714330565033E-002   2.7620347648158631E-002   4.9703452865834281E-002   2.2747383823101042E-002  -5.9300603442961765E-002   5.0275762308913043E-002   3.7891275275653037E-002   8.1605154977499161E-003  -3.0949545005328025E-002   7.6350921547480759E-003  -1.5430327892825767E-002   2.1491738540038725E-002   7.3653627159807507E-003  -2.5312899354213662E-002   3.0576851600924670E-002   7.2472512594787160E-003   1.0735940062673543E-002  -1.4367655924795737E-003  -1.9690601318430954E-002   2.0164135787897846E-003   2.0322575592477831E-003  -2.2271039011801472E-002  -1.9515778320732955E-002   9.1397625448090449E-004   1.1256822209493879E-002   6.7000597455597766E-003   1.6573480106506226E-002  -7.5007473742926371E-003   4.0222702738314355E-003   1.4663656235565935E-002   7.2472512594787160E-003   2.2051014792352691E-002   5.7102807712925054E-003  -6.3428271808800432E-003  -2.6172044218913483E-002   1.5197901922067952E-003  -1.1450442855306211E-002  -8.3227095477541573E-003  -8.6344249029913119E-003   4.2139308131889427E-003   1.0689332255411445E-002   5.4844208813228145E-003   2.1090898958312936E-002  -1.3420995903276139E-002   4.2153518333572754E-002  -5.2669714330565033E-002   1.0735940062673543E-002   5.7102807712925054E-003  0.17466373589493722       -3.3898879563907275E-002  -4.0239491253613320E-002  -9.4808298926119510E-003 -0.12948208791981716       -7.7847535221715475E-002   2.0526594835774327E-002  -5.0010944347679692E-002   9.4471154962712328E-002   5.7914349542869522E-003   1.0877223826742078E-002  -2.0585876427907938E-002  -1.1006599288249107E-002   2.7620347648158631E-002  -1.4367655924795737E-003  -6.3428271808800432E-003  -3.3898879563907275E-002   3.4892469885534641E-002   3.9832593357473779E-002   1.8543226984069430E-002   1.2712914734467197E-003   2.9941723726388998E-002  -5.7461447779352049E-003   1.9173448410093764E-002  -4.2034541924162172E-002   9.4180339689027021E-003  -4.4741315209650143E-003   1.6858576968580272E-002  -1.2030503452654120E-002   4.9703452865834281E-002  -1.9690601318430954E-002  -2.6172044218913483E-002  -4.0239491253613320E-002   3.9832593357473779E-002   7.9253469597041909E-002   2.0302683007422377E-002  -2.1832615242558813E-002   4.6458602857766242E-002   2.7047563228149669E-002   6.1330855165550903E-003  -4.9456715700627187E-002   2.9574361325725297E-003  -3.7981675061726318E-002   3.7961299256597698E-002  -2.0869496906119047E-003   2.2747383823101042E-002   2.0164135787897846E-003   1.5197901922067952E-003  -9.4808298926119510E-003   1.8543226984069430E-002   2.0302683007422377E-002   1.4796268438575072E-002  -1.8127916014390476E-002   1.4513854017773645E-002   1.0347023404691268E-003   8.7254446513344193E-003  -2.2378201612345088E-002   8.5550311770415076E-003  -1.5059929983190967E-003   1.0572148134450539E-002  -4.0897557677096852E-002  -5.9300603442961765E-002   2.0322575592477831E-003  -1.1450442855306211E-002 -0.12948208791981716        1.2712914734467197E-003  -2.1832615242558813E-002  -1.8127916014390476E-002  0.20623709680491625        3.5781658884934404E-002  -6.1306553093712246E-002   4.8466918032066812E-002  -6.3595442274129568E-002  -1.6289430754566007E-002   1.2691614452445177E-002  -1.0049293756350473E-002  -2.2987627742279634E-002   5.0275762308913043E-002  -2.2271039011801472E-002  -8.3227095477541573E-003  -7.7847535221715475E-002   2.9941723726388998E-002   4.6458602857766242E-002   1.4513854017773645E-002   3.5781658884934404E-002   5.6091338763390293E-002   4.9533844310391774E-003   2.5699326054184304E-002  -6.3266978859117973E-002   3.3472486982439687E-004  -1.7528859070162193E-002   2.2411834571962639E-002   8.5461676622349894E-003   3.7891275275653037E-002  -1.9515778320732955E-002  -8.6344249029913119E-003   2.0526594835774327E-002  -5.7461447779352049E-003   2.7047563228149669E-002   1.0347023404691268E-003  -6.1306553093712246E-002   4.9533844310391774E-003   4.4824886599477615E-002  -2.3955636867279580E-002   1.4370301049299134E-002  -4.9882689963811977E-003  -2.9725255950021873E-002   1.5520304680644362E-002  -1.6055445185288782E-002   8.1605154977499161E-003   9.1397625448090449E-004   4.2139308131889427E-003  -5.0010944347679692E-002   1.9173448410093764E-002   6.1330855165550903E-003   8.7254446513344193E-003   4.8466918032066812E-002   2.5699326054184304E-002  -2.3955636867279580E-002   2.8100912182865690E-002  -4.1058056453326573E-002   4.8377590836076057E-003   1.1001286259369152E-002   1.6551574603031970E-003   2.8762895429200238E-002  -3.0949545005328025E-002   1.1256822209493879E-002   1.0689332255411445E-002   9.4471154962712328E-002  -4.2034541924162172E-002  -4.9456715700627187E-002  -2.2378201612345088E-002  -6.3595442274129568E-002  -6.3266978859117973E-002   1.4370301049299134E-002  -4.1058056453326573E-002   8.9704880144112695E-002  -5.6840212215188953E-003   1.1793889673374129E-002  -2.6155215595676951E-002   1.8144834548346203E-003   7.6350921547480759E-003   6.7000597455597766E-003   5.4844208813228145E-003   5.7914349542869522E-003   9.4180339689027021E-003   2.9574361325725297E-003   8.5550311770415076E-003  -1.6289430754566007E-002   3.3472486982439687E-004  -4.9882689963811977E-003   4.8377590836076057E-003  -5.6840212215188953E-003   7.4141225393905960E-003   7.0025361503219131E-003   1.0246638919966450E-003   2.4644719623948619E-003  -1.5430327892825767E-002   1.6573480106506226E-002   2.1090898958312936E-002   1.0877223826742078E-002  -4.4741315209650143E-003  -3.7981675061726318E-002  -1.5059929983190967E-003   1.2691614452445177E-002  -1.7528859070162193E-002  -2.9725255950021873E-002   1.1001286259369152E-002   1.1793889673374129E-002   7.0025361503219131E-003   3.3800857569514182E-002  -2.1595833722523133E-002  -5.0229156428660288E-003   2.1491738540038725E-002  -7.5007473742926371E-003  -1.3420995903276139E-002  -2.0585876427907938E-002   1.6858576968580272E-002   3.7961299256597698E-002   1.0572148134450539E-002  -1.0049293756350473E-002   2.2411834571962639E-002   1.5520304680644362E-002   1.6551574603031970E-003  -2.6155215595676951E-002   1.0246638919966450E-003  -2.1595833722523133E-002   2.0767242631331635E-002
   2.2692921614398190E-002  -1.7706939402207265E-002  -5.8673366798229652E-004  -9.1242216984364858E-003  -2.2098218595280900E-002   8.6459022444914345E-003   3.1787223379134449E-002  -1.1724697287254258E-002   5.0574113026772866E-002   9.8628527636102411E-003   1.3944542470979619E-002  -1.7163845578920457E-002  -2.4565802121526467E-002   1.1134642661436267E-003   2.1516438654375743E-002   2.1553665475784281E-003  -1.7706939402207265E-002   5.7979954206749437E-002  -1.0645825467550893E-002   9.8608964734884959E-003  -2.4581262709931502E-002  -1.7882598903657579E-002  -3.5559167614913963E-002  -8.2472036289522339E-003  -1.6699397985430912E-002  -3.5936945395966022E-002   1.7277632045405449E-003   3.4779014825487856E-002   5.3490806259682354E-002  -1.0993931187253706E-002   5.8036896623832853E-003   3.8127477311843738E-002  -5.8673366798229652E-004  -1.0645825467550893E-002   9.4525818419035710E-003   6.0373928315983153E-003   1.6842347884206989E-002   9.1348321084941987E-003   1.6907003330398284E-003   6.5104110393811023E-003  -1.7906728485161604E-003   1.4808292895633388E-002  -8.3216946478868303E-003  -8.3730422325428936E-003  -1.9087751742045269E-002   3.7614454231032885E-003  -1.0733362591811296E-002  -1.5578684452437468E-002  -9.1242216984364858E-003   9.8608964734884959E-003   6.0373928315983153E-003   2.1893054494484560E-002   3.9151746830859951E-002   2.5145106476039732E-004  -3.0137154852522104E-002   1.2943011747611583E-002  -3.1872272077699514E-002   5.0926023239408107E-003  -2.0144915764063048E-002   9.1904226796720896E-003  -5.8390689494745114E-003   2.2973270300869434E-003  -2.2881857831401037E-002  -1.1003289005084219E-002  -2.2098218595280900E-002  -2.4581262709931502E-002   1.6842347884206989E-002   3.9151746830859951E-002  0.15933332857136884        7.4080228069656412E-003  -6.7640346725513140E-002   5.3789316180104553E-002 -0.13486549834664086        3.5595413664106651E-002  -6.8570466397959273E-002   3.1551444982774518E-004  -3.6982223022066989E-002   1.4961546511991346E-002  -8.6899504184765677E-002  -7.3961692888954850E-002   8.6459022444914345E-003  -1.7882598903657579E-002   9.1348321084941987E-003   2.5145106476039732E-004   7.4080228069656412E-003   4.1076555195113724E-002   3.3135325574909336E-002  -8.9097002196502164E-004   2.4242078960972555E-002   4.0310673806292205E-002  -1.8006031618590972E-002  -3.9726400963662784E-002  -5.7582178029487958E-002   4.1502079885640860E-003  -8.9803306509381817E-003  -3.2460212708753620E-002   3.1787223379134449E-002  -3.5559167614913963E-002   1.6907003330398284E-003  -3.0137154852522104E-002  -6.7640346725513140E-002   3.3135325574909336E-002   8.5951964116658119E-002  -2.5435478278028497E-002  0.10449783650949440        3.0767626363587000E-002   2.7234526302077594E-002  -5.1564453306536057E-002  -5.6538842549144264E-002   2.8612958230204290E-003   4.1691619034838201E-002  -6.4422453322463815E-003  -1.1724697287254258E-002  -8.2472036289522339E-003   6.5104110393811023E-003   1.2943011747611583E-002   5.3789316180104553E-002  -8.9097002196502164E-004  -2.5435478278028497E-002   2.0563669254180749E-002  -5.1871126550107713E-002   1.0467494972267477E-002  -2.2352942942841146E-002   2.3079449175958189E-003  -9.0813825988676489E-003   5.9926415149024878E-003  -3.1256964590866368E-002  -2.5951528733486866E-002   5.0574113026772866E-002  -1.6699397985430912E-002  -1.7906728485161604E-003  -3.1872272077699514E-002 -0.13486549834664086        2.4242078960972555E-002  0.10449783650949440       -5.1871126550107713E-002  0.18518923837234777        1.1673949740601078E-002   6.0827953262215864E-002  -4.1048625464347059E-002  -4.3959210448001940E-002  -4.2097564241098187E-003   8.6539655590014572E-002   3.8002874106795051E-002   9.8628527636102411E-003  -3.5936945395966022E-002   1.4808292895633388E-002   5.0926023239408107E-003   3.5595413664106651E-002   4.0310673806292205E-002   3.0767626363587000E-002   1.0467494972267477E-002   1.1673949740601078E-002   5.2976212518129194E-002  -2.3868733213677232E-002  -4.5949430089129710E-002  -7.8241368059221619E-002   1.1338767687801924E-002  -2.0130226125316061E-002  -5.2007734524933805E-002   1.3944542470979619E-002   1.7277632045405449E-003  -8.3216946478868303E-003  -2.0144915764063048E-002  -6.8570466397959273E-002  -1.8006031618590972E-002   2.7234526302077594E-002  -2.2352942942841146E-002   6.0827953262215864E-002  -2.3868733213677232E-002   4.1032215138316931E-002   7.7766836133350264E-003   2.5062947400082150E-002  -5.0119277880953566E-003   4.4541171262062106E-002   3.8336348275116332E-002  -1.7163845578920457E-002   3.4779014825487856E-002  -8.3730422325428936E-003   9.1904226796720896E-003   3.1551444982774518E-004  -3.9726400963662784E-002  -5.1564453306536057E-002   2.3079449175958189E-003  -4.1048625464347059E-002  -4.5949430089129710E-002   7.7766836133350264E-003   5.0247000987150243E-002   7.1482990638580587E-002  -8.1556160452021902E-003  -7.1151186716016839E-004   3.7816900831265411E-002  -2.4565802121526467E-002   5.3490806259682354E-002  -1.9087751742045269E-002  -5.8390689494745114E-003  -3.6982223022066989E-002  -5.7582178029487958E-002  -5.6538842549144264E-002  -9.0813825988676489E-003  -4.3959210448001940E-002  -7.8241368059221619E-002   2.5062947400082150E-002   7.1482990638580587E-002  0.12550559794470215       -1.7846881500483063E-002   1.5044347495534119E-002   7.0691177742623457E-002   1.1134642661436267E-003  -1.0993931187253706E-002   3.7614454231032885E-003   2.2973270300869434E-003   1.4961546511991346E-002   4.1502079885640860E-003   2.8612958230204290E-003   5.9926415149024878E-003  -4.2097564241098187E-003   1.1338767687801924E-002  -5.0119277880953566E-003  -8.1556160452021902E-003  -1.7846881500483063E-002   4.4884540448518646E-003  -6.7674803429557187E-003  -1.4356812870754665E-002   2.1516438654375743E-002   5.8036896623832853E-003  -1.0733362591811296E-002  -2.2881857831401037E-002  -8.6899504184765677E-002  -8.9803306509381817E-003   4.1691619034838201E-002  -3.1256964590866368E-002   8.6539655590014572E-002  -2.0130226125316061E-002   4.4541171262062106E-002  -7.1151186716016839E-004   1.5044347495534119E-002  -6.7674803429557187E-003   5.5457789703501383E-002   4.2912308412222523E-002   2.1553665475784281E-003   3.8127477311843738E-002  -1.5578684452437468E-002  -1.1003289005084219E-002  -7.3961692888954850E-002  -3.2460212708753620E-002  -6.4422453322463815E-003  -2.5951528733486866E-002   3.8002874106795051E-002  -5.2007734524933805E-002   3.8336348275116332E-002   3.7816900831265411E-002   7.0691177742623457E-002  -1.4356812870754665E-002   4.2912308412222523E-002   6.6159461996143906E-002
