   1.0000000000000000        0.0000000000000000        0.0000000000000000        0.0000000000000000        0.0000000000000000        0.0000000000000000        0.0000000000000000        0.0000000000000000        0.0000000000000000        0.0000000000000000        0.0000000000000000        0.0000000000000000        0.0000000000000000        0.0000000000000000        0.0000000000000000        0.0000000000000000        0.0000000000000000        0.0000000000000000        0.0000000000000000        0.0000000000000000        0.0000000000000000        0.0000000000000000        0.0000000000000000        0.0000000000000000        0.0000000000000000        0.0000000000000000        0.0000000000000000        0.0000000000000000        0.0000000000000000        0.0000000000000000        0.0000000000000000        0.0000000000000000        0.0000000000000000        0.0000000000000000        0.0000000000000000        0.0000000000000000        0.0000000000000000        0.0000000000000000        0.0000000000000000        0.0000000000000000        0.0000000000000000        0.0000000000000000        0.0000000000000000        0.0000000000000000        0.0000000000000000        0.0000000000000000        0.0000000000000000        0.0000000000000000        0.0000000000000000        0.0000000000000000        0.0000000000000000        0.0000000000000000        0.0000000000000000        0.0000000000000000        0.0000000000000000        0.0000000000000000        0.0000000000000000        0.0000000000000000        0.0000000000000000        0.0000000000000000        0.0000000000000000        0.0000000000000000        0.0000000000000000        0.0000000000000000        0.0000000000000000        0.0000000000000000        0.0000000000000000        0.0000000000000000        0.0000000000000000        0.0000000000000000        0.0000000000000000        0.0000000000000000        0.0000000000000000        0.0000000000000000        0.0000000000000000        0.0000000000000000        0.0000000000000000        0.0000000000000000        0.0000000000000000        0.0000000000000000        0.0000000000000000        0.0000000000000000        0.0000000000000000        0.0000000000000000        0.0000000000000000        0.0000000000000000        0.0000000000000000        0.0000000000000000        0.0000000000000000        0.0000000000000000        0.0000000000000000        0.0000000000000000        0.0000000000000000        0.0000000000000000        0.0000000000000000        0.0000000000000000        0.0000000000000000        0.0000000000000000        0.0000000000000000        0.0000000000000000        0.0000000000000000        0.0000000000000000        0.0000000000000000        0.0000000000000000        0.0000000000000000        0.0000000000000000        0.0000000000000000        0.0000000000000000        0.0000000000000000        0.0000000000000000        0.0000000000000000        0.0000000000000000        0.0000000000000000        0.0000000000000000        0.0000000000000000        0.0000000000000000        0.0000000000000000        0.0000000000000000        0.0000000000000000        0.0000000000000000        0.0000000000000000        0.0000000000000000        0.0000000000000000        0.0000000000000000        0.0000000000000000        0.0000000000000000        0.0000000000000000        0.0000000000000000        0.0000000000000000        0.0000000000000000        0.0000000000000000        0.0000000000000000        0.0000000000000000        0.0000000000000000        0.0000000000000000        0.0000000000000000        0.0000000000000000        0.0000000000000000        0.0000000000000000        0.0000000000000000        0.0000000000000000        0.0000000000000000        0.0000000000000000        0.0000000000000000        0.0000000000000000        0.0000000000000000        0.0000000000000000        0.0000000000000000        0.0000000000000000        0.0000000000000000        0.0000000000000000        0.0000000000000000        0.0000000000000000        0.0000000000000000        0.0000000000000000        0.0000000000000000        0.0000000000000000        0.0000000000000000        0.0000000000000000        0.0000000000000000        0.0000000000000000        0.0000000000000000        0.0000000000000000        0.0000000000000000        0.0000000000000000        0.0000000000000000        0.0000000000000000        0.0000000000000000        0.0000000000000000        0.0000000000000000        0.0000000000000000        0.0000000000000000        0.0000000000000000        0.0000000000000000        0.0000000000000000        0.0000000000000000        0.0000000000000000        0.0000000000000000        0.0000000000000000        0.0000000000000000        0.0000000000000000        0.0000000000000000        0.0000000000000000        0.0000000000000000        0.0000000000000000        0.0000000000000000        0.0000000000000000        0.0000000000000000        0.0000000000000000        0.0000000000000000        0.0000000000000000        0.0000000000000000        0.0000000000000000        0.0000000000000000        0.0000000000000000        0.0000000000000000        0.0000000000000000        0.0000000000000000        0.0000000000000000        0.0000000000000000        0.0000000000000000        0.0000000000000000        0.0000000000000000        0.0000000000000000        0.0000000000000000        0.0000000000000000        0.0000000000000000        0.0000000000000000        0.0000000000000000        0.0000000000000000        0.0000000000000000        0.0000000000000000        0.0000000000000000        0.0000000000000000        0.0000000000000000        0.0000000000000000        0.0000000000000000        0.0000000000000000        0.0000000000000000        0.0000000000000000        0.0000000000000000        0.0000000000000000        0.0000000000000000        0.0000000000000000        0.0000000000000000        0.0000000000000000        0.0000000000000000        0.0000000000000000        0.0000000000000000        0.0000000000000000        0.0000000000000000        0.0000000000000000        0.0000000000000000        0.0000000000000000        0.0000000000000000        0.0000000000000000        0.0000000000000000        0.0000000000000000        0.0000000000000000        0.0000000000000000        0.0000000000000000        0.0000000000000000        0.0000000000000000        0.0000000000000000        0.0000000000000000        0.0000000000000000        0.0000000000000000        0.0000000000000000        0.0000000000000000        0.0000000000000000        0.0000000000000000        0.0000000000000000        0.0000000000000000        0.0000000000000000        0.0000000000000000        0.0000000000000000     
  0.85929771031321089       -4.1365773434159675E-002  -4.1365773434159682E-002  -2.8371683772209326E-002  -4.1365773434159675E-002  -2.8371683772209322E-002  -2.8371683772209329E-002   5.0631392285878235E-003  -4.1365773434159689E-002  -2.8371683772209322E-002  -2.8371683772209322E-002   5.0631392285878226E-003  -2.8371683772209322E-002   5.0631392285878235E-003   5.0631392285878235E-003   7.3467385094648280E-004  -4.1365773434159675E-002   3.2735579015392965E-002   3.2735579015392965E-002  -1.8527281094242432E-003   3.2735579015392965E-002  -1.8527281094242432E-003  -1.8527281094242432E-003  -1.3434319046714521E-003   3.2735579015392965E-002  -1.8527281094242439E-003  -1.8527281094242432E-003  -1.3434319046714521E-003  -1.8527281094242434E-003  -1.3434319046714523E-003  -1.3434319046714523E-003   2.7072988305368892E-004  -4.1365773434159682E-002   3.2735579015392965E-002   3.2735579015392965E-002  -1.8527281094242432E-003   3.2735579015392959E-002  -1.8527281094242434E-003  -1.8527281094242434E-003  -1.3434319046714523E-003   3.2735579015392965E-002  -1.8527281094242439E-003  -1.8527281094242432E-003  -1.3434319046714525E-003  -1.8527281094242432E-003  -1.3434319046714523E-003  -1.3434319046714523E-003   2.7072988305368892E-004  -2.8371683772209326E-002  -1.8527281094242432E-003  -1.8527281094242432E-003   1.5662627842671837E-003  -1.8527281094242430E-003   1.5662627842671839E-003   1.5662627842671839E-003  -9.9668655604235107E-005  -1.8527281094242430E-003   1.5662627842671839E-003   1.5662627842671839E-003  -9.9668655604235121E-005   1.5662627842671837E-003  -9.9668655604235134E-005  -9.9668655604235134E-005  -7.5848884308253492E-005  -4.1365773434159675E-002   3.2735579015392965E-002   3.2735579015392959E-002  -1.8527281094242430E-003   3.2735579015392952E-002  -1.8527281094242432E-003  -1.8527281094242430E-003  -1.3434319046714521E-003   3.2735579015392959E-002  -1.8527281094242434E-003  -1.8527281094242430E-003  -1.3434319046714521E-003  -1.8527281094242432E-003  -1.3434319046714521E-003  -1.3434319046714521E-003   2.7072988305368892E-004  -2.8371683772209322E-002  -1.8527281094242432E-003  -1.8527281094242434E-003   1.5662627842671839E-003  -1.8527281094242432E-003   1.5662627842671841E-003   1.5662627842671841E-003  -9.9668655604235107E-005  -1.8527281094242430E-003   1.5662627842671841E-003   1.5662627842671841E-003  -9.9668655604235093E-005   1.5662627842671841E-003  -9.9668655604235134E-005  -9.9668655604235107E-005  -7.5848884308253519E-005  -2.8371683772209329E-002  -1.8527281094242432E-003  -1.8527281094242434E-003   1.5662627842671839E-003  -1.8527281094242430E-003   1.5662627842671841E-003   1.5662627842671841E-003  -9.9668655604235093E-005  -1.8527281094242432E-003   1.5662627842671841E-003   1.5662627842671841E-003  -9.9668655604235107E-005   1.5662627842671841E-003  -9.9668655604235107E-005  -9.9668655604235107E-005  -7.5848884308253519E-005   5.0631392285878235E-003  -1.3434319046714521E-003  -1.3434319046714523E-003  -9.9668655604235107E-005  -1.3434319046714521E-003  -9.9668655604235107E-005  -9.9668655604235093E-005   8.9136545606653480E-005  -1.3434319046714525E-003  -9.9668655604235066E-005  -9.9668655604235093E-005   8.9136545606653480E-005  -9.9668655604235066E-005   8.9136545606653480E-005   8.9136545606653480E-005  -6.2299574142955852E-006  -4.1365773434159689E-002   3.2735579015392965E-002   3.2735579015392965E-002  -1.8527281094242430E-003   3.2735579015392959E-002  -1.8527281094242430E-003  -1.8527281094242432E-003  -1.3434319046714525E-003   3.2735579015392959E-002  -1.8527281094242436E-003  -1.8527281094242432E-003  -1.3434319046714525E-003  -1.8527281094242434E-003  -1.3434319046714525E-003  -1.3434319046714525E-003   2.7072988305368897E-004  -2.8371683772209322E-002  -1.8527281094242439E-003  -1.8527281094242439E-003   1.5662627842671839E-003  -1.8527281094242434E-003   1.5662627842671841E-003   1.5662627842671841E-003  -9.9668655604235066E-005  -1.8527281094242436E-003   1.5662627842671839E-003   1.5662627842671839E-003  -9.9668655604235080E-005   1.5662627842671839E-003  -9.9668655604235080E-005  -9.9668655604235107E-005  -7.5848884308253519E-005  -2.8371683772209322E-002  -1.8527281094242432E-003  -1.8527281094242432E-003   1.5662627842671839E-003  -1.8527281094242430E-003   1.5662627842671841E-003   1.5662627842671841E-003  -9.9668655604235093E-005  -1.8527281094242432E-003   1.5662627842671839E-003   1.5662627842671839E-003  -9.9668655604235107E-005   1.5662627842671839E-003  -9.9668655604235107E-005  -9.9668655604235134E-005  -7.5848884308253492E-005   5.0631392285878226E-003  -1.3434319046714521E-003  -1.3434319046714525E-003  -9.9668655604235121E-005  -1.3434319046714521E-003  -9.9668655604235093E-005  -9.9668655604235107E-005   8.9136545606653480E-005  -1.3434319046714525E-003  -9.9668655604235080E-005  -9.9668655604235107E-005   8.9136545606653480E-005  -9.9668655604235080E-005   8.9136545606653480E-005   8.9136545606653480E-005  -6.2299574142955861E-006  -2.8371683772209322E-002  -1.8527281094242434E-003  -1.8527281094242432E-003   1.5662627842671837E-003  -1.8527281094242432E-003   1.5662627842671841E-003   1.5662627842671841E-003  -9.9668655604235066E-005  -1.8527281094242434E-003   1.5662627842671839E-003   1.5662627842671839E-003  -9.9668655604235080E-005   1.5662627842671837E-003  -9.9668655604235093E-005  -9.9668655604235107E-005  -7.5848884308253492E-005   5.0631392285878235E-003  -1.3434319046714523E-003  -1.3434319046714523E-003  -9.9668655604235134E-005  -1.3434319046714521E-003  -9.9668655604235134E-005  -9.9668655604235107E-005   8.9136545606653480E-005  -1.3434319046714525E-003  -9.9668655604235080E-005  -9.9668655604235107E-005   8.9136545606653480E-005  -9.9668655604235093E-005   8.9136545606653480E-005   8.9136545606653480E-005  -6.2299574142955852E-006   5.0631392285878235E-003  -1.3434319046714523E-003  -1.3434319046714523E-003  -9.9668655604235134E-005  -1.3434319046714521E-003  -9.9668655604235107E-005  -9.9668655604235107E-005   8.9136545606653480E-005  -1.3434319046714525E-003  -9.9668655604235107E-005  -9.9668655604235134E-005   8.9136545606653480E-005  -9.9668655604235107E-005   8.9136545606653480E-005   8.9136545606653480E-005  -6.2299574142955852E-006   7.3467385094648280E-004   2.7072988305368892E-004   2.7072988305368892E-004  -7.5848884308253492E-005   2.7072988305368892E-004  -7.5848884308253519E-005  -7.5848884308253519E-005  -6.2299574142955852E-006   2.7072988305368897E-004  -7.5848884308253519E-005  -7.5848884308253492E-005  -6.2299574142955861E-006  -7.5848884308253492E-005  -6.2299574142955852E-006  -6.2299574142955852E-006   5.8507371900489299E-006
  0.65122069844826314      -0.10918145379124039      -0.10918145379124039       -2.9043326481343029E-002 -0.10918145379124039       -2.9043326481343029E-002  -2.9043326481343029E-002   2.6103155650041263E-002 -0.10918145379124039       -2.9043326481343022E-002  -2.9043326481343029E-002   2.6103155650041260E-002  -2.9043326481343029E-002   2.6103155650041263E-002   2.6103155650041263E-002  -7.7397518501138044E-003 -0.10918145379124039        7.0175628610145466E-002   7.0175628610145466E-002  -1.4371276522936721E-002   7.0175628610145466E-002  -1.4371276522936722E-002  -1.4371276522936721E-002  -3.7221767200773916E-003   7.0175628610145480E-002  -1.4371276522936724E-002  -1.4371276522936727E-002  -3.7221767200773925E-003  -1.4371276522936724E-002  -3.7221767200773912E-003  -3.7221767200773920E-003   4.1217163682886141E-003 -0.10918145379124039        7.0175628610145466E-002   7.0175628610145480E-002  -1.4371276522936726E-002   7.0175628610145466E-002  -1.4371276522936726E-002  -1.4371276522936726E-002  -3.7221767200773916E-003   7.0175628610145466E-002  -1.4371276522936726E-002  -1.4371276522936727E-002  -3.7221767200773916E-003  -1.4371276522936729E-002  -3.7221767200773912E-003  -3.7221767200773916E-003   4.1217163682886141E-003  -2.9043326481343029E-002  -1.4371276522936721E-002  -1.4371276522936726E-002   1.0084928988685737E-002  -1.4371276522936724E-002   1.0084928988685737E-002   1.0084928988685737E-002  -2.3815524597786959E-003  -1.4371276522936722E-002   1.0084928988685737E-002   1.0084928988685739E-002  -2.3815524597786968E-003   1.0084928988685737E-002  -2.3815524597786968E-003  -2.3815524597786963E-003  -5.9961770944180282E-004 -0.10918145379124039        7.0175628610145466E-002   7.0175628610145466E-002  -1.4371276522936724E-002   7.0175628610145466E-002  -1.4371276522936724E-002  -1.4371276522936722E-002  -3.7221767200773920E-003   7.0175628610145466E-002  -1.4371276522936726E-002  -1.4371276522936726E-002  -3.7221767200773920E-003  -1.4371276522936726E-002  -3.7221767200773912E-003  -3.7221767200773920E-003   4.1217163682886141E-003  -2.9043326481343029E-002  -1.4371276522936722E-002  -1.4371276522936726E-002   1.0084928988685737E-002  -1.4371276522936724E-002   1.0084928988685736E-002   1.0084928988685737E-002  -2.3815524597786959E-003  -1.4371276522936722E-002   1.0084928988685737E-002   1.0084928988685737E-002  -2.3815524597786963E-003   1.0084928988685737E-002  -2.3815524597786963E-003  -2.3815524597786963E-003  -5.9961770944180282E-004  -2.9043326481343029E-002  -1.4371276522936721E-002  -1.4371276522936726E-002   1.0084928988685737E-002  -1.4371276522936722E-002   1.0084928988685737E-002   1.0084928988685737E-002  -2.3815524597786959E-003  -1.4371276522936722E-002   1.0084928988685737E-002   1.0084928988685739E-002  -2.3815524597786963E-003   1.0084928988685737E-002  -2.3815524597786963E-003  -2.3815524597786963E-003  -5.9961770944180282E-004   2.6103155650041263E-002  -3.7221767200773916E-003  -3.7221767200773916E-003  -2.3815524597786959E-003  -3.7221767200773920E-003  -2.3815524597786959E-003  -2.3815524597786959E-003   1.7963984587250289E-003  -3.7221767200773916E-003  -2.3815524597786963E-003  -2.3815524597786963E-003   1.7963984587250289E-003  -2.3815524597786959E-003   1.7963984587250289E-003   1.7963984587250291E-003  -4.7592694549663899E-004 -0.10918145379124039        7.0175628610145480E-002   7.0175628610145466E-002  -1.4371276522936722E-002   7.0175628610145466E-002  -1.4371276522936722E-002  -1.4371276522936722E-002  -3.7221767200773916E-003   7.0175628610145480E-002  -1.4371276522936726E-002  -1.4371276522936726E-002  -3.7221767200773916E-003  -1.4371276522936724E-002  -3.7221767200773903E-003  -3.7221767200773920E-003   4.1217163682886141E-003  -2.9043326481343022E-002  -1.4371276522936724E-002  -1.4371276522936726E-002   1.0084928988685737E-002  -1.4371276522936726E-002   1.0084928988685737E-002   1.0084928988685737E-002  -2.3815524597786963E-003  -1.4371276522936726E-002   1.0084928988685739E-002   1.0084928988685739E-002  -2.3815524597786963E-003   1.0084928988685739E-002  -2.3815524597786963E-003  -2.3815524597786959E-003  -5.9961770944180304E-004  -2.9043326481343029E-002  -1.4371276522936727E-002  -1.4371276522936727E-002   1.0084928988685739E-002  -1.4371276522936726E-002   1.0084928988685737E-002   1.0084928988685739E-002  -2.3815524597786963E-003  -1.4371276522936726E-002   1.0084928988685739E-002   1.0084928988685739E-002  -2.3815524597786963E-003   1.0084928988685739E-002  -2.3815524597786963E-003  -2.3815524597786963E-003  -5.9961770944180293E-004   2.6103155650041260E-002  -3.7221767200773925E-003  -3.7221767200773916E-003  -2.3815524597786968E-003  -3.7221767200773920E-003  -2.3815524597786963E-003  -2.3815524597786963E-003   1.7963984587250289E-003  -3.7221767200773916E-003  -2.3815524597786963E-003  -2.3815524597786963E-003   1.7963984587250291E-003  -2.3815524597786959E-003   1.7963984587250291E-003   1.7963984587250289E-003  -4.7592694549663904E-004  -2.9043326481343029E-002  -1.4371276522936724E-002  -1.4371276522936729E-002   1.0084928988685737E-002  -1.4371276522936726E-002   1.0084928988685737E-002   1.0084928988685737E-002  -2.3815524597786959E-003  -1.4371276522936724E-002   1.0084928988685739E-002   1.0084928988685739E-002  -2.3815524597786959E-003   1.0084928988685737E-002  -2.3815524597786963E-003  -2.3815524597786963E-003  -5.9961770944180304E-004   2.6103155650041263E-002  -3.7221767200773912E-003  -3.7221767200773912E-003  -2.3815524597786968E-003  -3.7221767200773912E-003  -2.3815524597786963E-003  -2.3815524597786963E-003   1.7963984587250289E-003  -3.7221767200773903E-003  -2.3815524597786963E-003  -2.3815524597786963E-003   1.7963984587250291E-003  -2.3815524597786963E-003   1.7963984587250289E-003   1.7963984587250291E-003  -4.7592694549663899E-004   2.6103155650041263E-002  -3.7221767200773920E-003  -3.7221767200773916E-003  -2.3815524597786963E-003  -3.7221767200773920E-003  -2.3815524597786963E-003  -2.3815524597786963E-003   1.7963984587250291E-003  -3.7221767200773920E-003  -2.3815524597786959E-003  -2.3815524597786963E-003   1.7963984587250289E-003  -2.3815524597786963E-003   1.7963984587250291E-003   1.7963984587250291E-003  -4.7592694549663899E-004  -7.7397518501138044E-003   4.1217163682886141E-003   4.1217163682886141E-003  -5.9961770944180282E-004   4.1217163682886141E-003  -5.9961770944180282E-004  -5.9961770944180282E-004  -4.7592694549663899E-004   4.1217163682886141E-003  -5.9961770944180304E-004  -5.9961770944180293E-004  -4.7592694549663904E-004  -5.9961770944180304E-004  -4.7592694549663899E-004  -4.7592694549663899E-004   3.8161934414058005E-004
  0.57758729101710804      -0.16649024423650555      -0.16649024423650557        3.1627250182133707E-002 -0.16649024423650557        3.1627250182133700E-002   3.1627250182133707E-002   5.3246732026742674E-003 -0.16649024423650555        3.1627250182133700E-002   3.1627250182133713E-002   5.3246732026742630E-003   3.1627250182133713E-002   5.3246732026742648E-003   5.3246732026742665E-003  -1.0948212233345609E-002 -0.16649024423650555        7.8144189680361326E-002   7.8144189680361340E-002  -2.8547413616561167E-002   7.8144189680361340E-002  -2.8547413616561160E-002  -2.8547413616561160E-002   7.1938437598504327E-003   7.8144189680361326E-002  -2.8547413616561164E-002  -2.8547413616561171E-002   7.1938437598504344E-003  -2.8547413616561171E-002   7.1938437598504344E-003   7.1938437598504344E-003   3.6689672988414999E-004 -0.16649024423650557        7.8144189680361340E-002   7.8144189680361340E-002  -2.8547413616561164E-002   7.8144189680361340E-002  -2.8547413616561160E-002  -2.8547413616561160E-002   7.1938437598504327E-003   7.8144189680361340E-002  -2.8547413616561167E-002  -2.8547413616561171E-002   7.1938437598504336E-003  -2.8547413616561164E-002   7.1938437598504336E-003   7.1938437598504344E-003   3.6689672988415064E-004   3.1627250182133707E-002  -2.8547413616561167E-002  -2.8547413616561164E-002   1.5466191231814797E-002  -2.8547413616561171E-002   1.5466191231814795E-002   1.5466191231814797E-002  -6.5853546723753167E-003  -2.8547413616561167E-002   1.5466191231814797E-002   1.5466191231814797E-002  -6.5853546723753176E-003   1.5466191231814797E-002  -6.5853546723753185E-003  -6.5853546723753185E-003   2.0367877575397293E-003 -0.16649024423650557        7.8144189680361340E-002   7.8144189680361340E-002  -2.8547413616561171E-002   7.8144189680361326E-002  -2.8547413616561160E-002  -2.8547413616561164E-002   7.1938437598504327E-003   7.8144189680361340E-002  -2.8547413616561164E-002  -2.8547413616561164E-002   7.1938437598504336E-003  -2.8547413616561164E-002   7.1938437598504344E-003   7.1938437598504336E-003   3.6689672988415075E-004   3.1627250182133700E-002  -2.8547413616561160E-002  -2.8547413616561160E-002   1.5466191231814795E-002  -2.8547413616561160E-002   1.5466191231814794E-002   1.5466191231814795E-002  -6.5853546723753159E-003  -2.8547413616561164E-002   1.5466191231814794E-002   1.5466191231814795E-002  -6.5853546723753167E-003   1.5466191231814794E-002  -6.5853546723753167E-003  -6.5853546723753176E-003   2.0367877575397293E-003   3.1627250182133707E-002  -2.8547413616561160E-002  -2.8547413616561160E-002   1.5466191231814797E-002  -2.8547413616561164E-002   1.5466191231814795E-002   1.5466191231814795E-002  -6.5853546723753167E-003  -2.8547413616561164E-002   1.5466191231814795E-002   1.5466191231814795E-002  -6.5853546723753167E-003   1.5466191231814795E-002  -6.5853546723753185E-003  -6.5853546723753185E-003   2.0367877575397293E-003   5.3246732026742674E-003   7.1938437598504327E-003   7.1938437598504327E-003  -6.5853546723753167E-003   7.1938437598504327E-003  -6.5853546723753159E-003  -6.5853546723753167E-003   3.9513925096528171E-003   7.1938437598504344E-003  -6.5853546723753159E-003  -6.5853546723753167E-003   3.9513925096528171E-003  -6.5853546723753159E-003   3.9513925096528171E-003   3.9513925096528171E-003  -1.8971040762877918E-003 -0.16649024423650555        7.8144189680361326E-002   7.8144189680361340E-002  -2.8547413616561167E-002   7.8144189680361340E-002  -2.8547413616561164E-002  -2.8547413616561164E-002   7.1938437598504344E-003   7.8144189680361326E-002  -2.8547413616561171E-002  -2.8547413616561174E-002   7.1938437598504344E-003  -2.8547413616561174E-002   7.1938437598504353E-003   7.1938437598504344E-003   3.6689672988414999E-004   3.1627250182133700E-002  -2.8547413616561164E-002  -2.8547413616561167E-002   1.5466191231814797E-002  -2.8547413616561164E-002   1.5466191231814794E-002   1.5466191231814795E-002  -6.5853546723753159E-003  -2.8547413616561171E-002   1.5466191231814797E-002   1.5466191231814797E-002  -6.5853546723753167E-003   1.5466191231814794E-002  -6.5853546723753167E-003  -6.5853546723753176E-003   2.0367877575397297E-003   3.1627250182133713E-002  -2.8547413616561171E-002  -2.8547413616561171E-002   1.5466191231814797E-002  -2.8547413616561164E-002   1.5466191231814795E-002   1.5466191231814795E-002  -6.5853546723753167E-003  -2.8547413616561174E-002   1.5466191231814797E-002   1.5466191231814797E-002  -6.5853546723753167E-003   1.5466191231814797E-002  -6.5853546723753167E-003  -6.5853546723753185E-003   2.0367877575397288E-003   5.3246732026742630E-003   7.1938437598504344E-003   7.1938437598504336E-003  -6.5853546723753176E-003   7.1938437598504336E-003  -6.5853546723753167E-003  -6.5853546723753167E-003   3.9513925096528171E-003   7.1938437598504344E-003  -6.5853546723753167E-003  -6.5853546723753167E-003   3.9513925096528171E-003  -6.5853546723753167E-003   3.9513925096528171E-003   3.9513925096528171E-003  -1.8971040762877918E-003   3.1627250182133713E-002  -2.8547413616561171E-002  -2.8547413616561164E-002   1.5466191231814797E-002  -2.8547413616561164E-002   1.5466191231814794E-002   1.5466191231814795E-002  -6.5853546723753159E-003  -2.8547413616561174E-002   1.5466191231814794E-002   1.5466191231814797E-002  -6.5853546723753167E-003   1.5466191231814794E-002  -6.5853546723753167E-003  -6.5853546723753167E-003   2.0367877575397284E-003   5.3246732026742648E-003   7.1938437598504344E-003   7.1938437598504336E-003  -6.5853546723753185E-003   7.1938437598504344E-003  -6.5853546723753167E-003  -6.5853546723753185E-003   3.9513925096528171E-003   7.1938437598504353E-003  -6.5853546723753167E-003  -6.5853546723753167E-003   3.9513925096528171E-003  -6.5853546723753167E-003   3.9513925096528171E-003   3.9513925096528171E-003  -1.8971040762877920E-003   5.3246732026742665E-003   7.1938437598504344E-003   7.1938437598504344E-003  -6.5853546723753185E-003   7.1938437598504336E-003  -6.5853546723753176E-003  -6.5853546723753185E-003   3.9513925096528171E-003   7.1938437598504344E-003  -6.5853546723753176E-003  -6.5853546723753185E-003   3.9513925096528171E-003  -6.5853546723753167E-003   3.9513925096528171E-003   3.9513925096528171E-003  -1.8971040762877916E-003  -1.0948212233345609E-002   3.6689672988414999E-004   3.6689672988415064E-004   2.0367877575397293E-003   3.6689672988415075E-004   2.0367877575397293E-003   2.0367877575397293E-003  -1.8971040762877918E-003   3.6689672988414999E-004   2.0367877575397297E-003   2.0367877575397288E-003  -1.8971040762877918E-003   2.0367877575397284E-003  -1.8971040762877920E-003  -1.8971040762877916E-003   1.2332328319485002E-003
  0.59769729703062968      -0.20294096709155696      -0.20294096709155698        8.4727484926979374E-002 -0.20294096709155701        8.4727484926979346E-002   8.4727484926979346E-002  -3.9975379196911756E-002 -0.20294096709155698        8.4727484926979360E-002   8.4727484926979360E-002  -3.9975379196911756E-002   8.4727484926979346E-002  -3.9975379196911756E-002  -3.9975379196911763E-002   2.0690168780856139E-002 -0.20294096709155696        7.4231285178840950E-002   7.4231285178840936E-002  -3.2512175648498329E-002   7.4231285178840964E-002  -3.2512175648498322E-002  -3.2512175648498322E-002   1.5963831446640774E-002   7.4231285178840936E-002  -3.2512175648498322E-002  -3.2512175648498322E-002   1.5963831446640774E-002  -3.2512175648498322E-002   1.5963831446640774E-002   1.5963831446640774E-002  -8.5498323619893207E-003 -0.20294096709155698        7.4231285178840936E-002   7.4231285178840950E-002  -3.2512175648498322E-002   7.4231285178840950E-002  -3.2512175648498315E-002  -3.2512175648498315E-002   1.5963831446640774E-002   7.4231285178840936E-002  -3.2512175648498315E-002  -3.2512175648498329E-002   1.5963831446640774E-002  -3.2512175648498322E-002   1.5963831446640774E-002   1.5963831446640778E-002  -8.5498323619893207E-003   8.4727484926979374E-002  -3.2512175648498329E-002  -3.2512175648498322E-002   1.4766589223859773E-002  -3.2512175648498322E-002   1.4766589223859771E-002   1.4766589223859773E-002  -7.4732211416061673E-003  -3.2512175648498329E-002   1.4766589223859769E-002   1.4766589223859771E-002  -7.4732211416061681E-003   1.4766589223859773E-002  -7.4732211416061690E-003  -7.4732211416061690E-003   4.1091219554303020E-003 -0.20294096709155701        7.4231285178840964E-002   7.4231285178840950E-002  -3.2512175648498322E-002   7.4231285178840950E-002  -3.2512175648498315E-002  -3.2512175648498315E-002   1.5963831446640771E-002   7.4231285178840936E-002  -3.2512175648498329E-002  -3.2512175648498329E-002   1.5963831446640774E-002  -3.2512175648498322E-002   1.5963831446640778E-002   1.5963831446640778E-002  -8.5498323619893207E-003   8.4727484926979346E-002  -3.2512175648498322E-002  -3.2512175648498315E-002   1.4766589223859771E-002  -3.2512175648498315E-002   1.4766589223859768E-002   1.4766589223859769E-002  -7.4732211416061647E-003  -3.2512175648498315E-002   1.4766589223859769E-002   1.4766589223859769E-002  -7.4732211416061664E-003   1.4766589223859769E-002  -7.4732211416061664E-003  -7.4732211416061673E-003   4.1091219554303020E-003   8.4727484926979346E-002  -3.2512175648498322E-002  -3.2512175648498315E-002   1.4766589223859773E-002  -3.2512175648498315E-002   1.4766589223859769E-002   1.4766589223859769E-002  -7.4732211416061655E-003  -3.2512175648498315E-002   1.4766589223859769E-002   1.4766589223859771E-002  -7.4732211416061681E-003   1.4766589223859769E-002  -7.4732211416061681E-003  -7.4732211416061681E-003   4.1091219554303029E-003  -3.9975379196911756E-002   1.5963831446640774E-002   1.5963831446640774E-002  -7.4732211416061673E-003   1.5963831446640771E-002  -7.4732211416061647E-003  -7.4732211416061655E-003   3.8809552272469337E-003   1.5963831446640767E-002  -7.4732211416061655E-003  -7.4732211416061664E-003   3.8809552272469345E-003  -7.4732211416061664E-003   3.8809552272469345E-003   3.8809552272469345E-003  -2.1832895941120197E-003 -0.20294096709155698        7.4231285178840936E-002   7.4231285178840936E-002  -3.2512175648498329E-002   7.4231285178840936E-002  -3.2512175648498315E-002  -3.2512175648498315E-002   1.5963831446640767E-002   7.4231285178840936E-002  -3.2512175648498329E-002  -3.2512175648498329E-002   1.5963831446640774E-002  -3.2512175648498329E-002   1.5963831446640771E-002   1.5963831446640774E-002  -8.5498323619893207E-003   8.4727484926979360E-002  -3.2512175648498322E-002  -3.2512175648498315E-002   1.4766589223859769E-002  -3.2512175648498329E-002   1.4766589223859769E-002   1.4766589223859769E-002  -7.4732211416061655E-003  -3.2512175648498329E-002   1.4766589223859769E-002   1.4766589223859771E-002  -7.4732211416061664E-003   1.4766589223859768E-002  -7.4732211416061673E-003  -7.4732211416061681E-003   4.1091219554303020E-003   8.4727484926979360E-002  -3.2512175648498322E-002  -3.2512175648498329E-002   1.4766589223859771E-002  -3.2512175648498329E-002   1.4766589223859769E-002   1.4766589223859771E-002  -7.4732211416061664E-003  -3.2512175648498329E-002   1.4766589223859771E-002   1.4766589223859771E-002  -7.4732211416061673E-003   1.4766589223859768E-002  -7.4732211416061673E-003  -7.4732211416061681E-003   4.1091219554303020E-003  -3.9975379196911756E-002   1.5963831446640774E-002   1.5963831446640774E-002  -7.4732211416061681E-003   1.5963831446640774E-002  -7.4732211416061664E-003  -7.4732211416061681E-003   3.8809552272469345E-003   1.5963831446640774E-002  -7.4732211416061664E-003  -7.4732211416061673E-003   3.8809552272469341E-003  -7.4732211416061681E-003   3.8809552272469350E-003   3.8809552272469350E-003  -2.1832895941120197E-003   8.4727484926979346E-002  -3.2512175648498322E-002  -3.2512175648498322E-002   1.4766589223859773E-002  -3.2512175648498322E-002   1.4766589223859769E-002   1.4766589223859769E-002  -7.4732211416061664E-003  -3.2512175648498329E-002   1.4766589223859768E-002   1.4766589223859768E-002  -7.4732211416061681E-003   1.4766589223859768E-002  -7.4732211416061664E-003  -7.4732211416061673E-003   4.1091219554303020E-003  -3.9975379196911756E-002   1.5963831446640774E-002   1.5963831446640774E-002  -7.4732211416061690E-003   1.5963831446640778E-002  -7.4732211416061664E-003  -7.4732211416061681E-003   3.8809552272469345E-003   1.5963831446640771E-002  -7.4732211416061673E-003  -7.4732211416061673E-003   3.8809552272469350E-003  -7.4732211416061664E-003   3.8809552272469350E-003   3.8809552272469354E-003  -2.1832895941120197E-003  -3.9975379196911763E-002   1.5963831446640774E-002   1.5963831446640778E-002  -7.4732211416061690E-003   1.5963831446640778E-002  -7.4732211416061673E-003  -7.4732211416061681E-003   3.8809552272469345E-003   1.5963831446640774E-002  -7.4732211416061681E-003  -7.4732211416061681E-003   3.8809552272469350E-003  -7.4732211416061673E-003   3.8809552272469354E-003   3.8809552272469363E-003  -2.1832895941120201E-003   2.0690168780856139E-002  -8.5498323619893207E-003  -8.5498323619893207E-003   4.1091219554303020E-003  -8.5498323619893207E-003   4.1091219554303020E-003   4.1091219554303029E-003  -2.1832895941120197E-003  -8.5498323619893207E-003   4.1091219554303020E-003   4.1091219554303020E-003  -2.1832895941120197E-003   4.1091219554303020E-003  -2.1832895941120197E-003  -2.1832895941120201E-003   1.2542060018614065E-003
  0.53352522890195386      -0.15159390401761899      -0.15159390401761896        1.8018587562012245E-002 -0.15159390401761899        1.8018587562012228E-002   1.8018587562012231E-002   1.5169757826867115E-002 -0.15159390401761899        1.8018587562012234E-002   1.8018587562012231E-002   1.5169757826867128E-002   1.8018587562012224E-002   1.5169757826867124E-002   1.5169757826867115E-002  -1.9715421335506876E-002 -0.15159390401761899        8.5670931702125544E-002   8.5670931702125544E-002  -3.1055010711714438E-002   8.5670931702125544E-002  -3.1055010711714438E-002  -3.1055010711714435E-002   7.7878037658825469E-003   8.5670931702125544E-002  -3.1055010711714435E-002  -3.1055010711714442E-002   7.7878037658825451E-003  -3.1055010711714435E-002   7.7878037658825460E-003   7.7878037658825495E-003   1.2532525417559518E-003 -0.15159390401761896        8.5670931702125544E-002   8.5670931702125544E-002  -3.1055010711714445E-002   8.5670931702125544E-002  -3.1055010711714438E-002  -3.1055010711714442E-002   7.7878037658825486E-003   8.5670931702125544E-002  -3.1055010711714438E-002  -3.1055010711714438E-002   7.7878037658825451E-003  -3.1055010711714438E-002   7.7878037658825460E-003   7.7878037658825495E-003   1.2532525417559518E-003   1.8018587562012245E-002  -3.1055010711714438E-002  -3.1055010711714445E-002   1.7230853239504126E-002  -3.1055010711714445E-002   1.7230853239504126E-002   1.7230853239504126E-002  -7.6063965559070986E-003  -3.1055010711714442E-002   1.7230853239504126E-002   1.7230853239504126E-002  -7.6063965559071004E-003   1.7230853239504126E-002  -7.6063965559070995E-003  -7.6063965559070995E-003   2.3801480651244899E-003 -0.15159390401761899        8.5670931702125544E-002   8.5670931702125544E-002  -3.1055010711714445E-002   8.5670931702125544E-002  -3.1055010711714435E-002  -3.1055010711714438E-002   7.7878037658825495E-003   8.5670931702125544E-002  -3.1055010711714442E-002  -3.1055010711714442E-002   7.7878037658825469E-003  -3.1055010711714438E-002   7.7878037658825460E-003   7.7878037658825495E-003   1.2532525417559518E-003   1.8018587562012228E-002  -3.1055010711714438E-002  -3.1055010711714438E-002   1.7230853239504126E-002  -3.1055010711714435E-002   1.7230853239504126E-002   1.7230853239504122E-002  -7.6063965559070986E-003  -3.1055010711714435E-002   1.7230853239504122E-002   1.7230853239504126E-002  -7.6063965559070986E-003   1.7230853239504126E-002  -7.6063965559070995E-003  -7.6063965559070986E-003   2.3801480651244903E-003   1.8018587562012231E-002  -3.1055010711714435E-002  -3.1055010711714442E-002   1.7230853239504126E-002  -3.1055010711714438E-002   1.7230853239504122E-002   1.7230853239504122E-002  -7.6063965559070986E-003  -3.1055010711714438E-002   1.7230853239504122E-002   1.7230853239504126E-002  -7.6063965559070978E-003   1.7230853239504122E-002  -7.6063965559070995E-003  -7.6063965559071004E-003   2.3801480651244899E-003   1.5169757826867115E-002   7.7878037658825469E-003   7.7878037658825486E-003  -7.6063965559070986E-003   7.7878037658825495E-003  -7.6063965559070986E-003  -7.6063965559070986E-003   4.6969926650534642E-003   7.7878037658825469E-003  -7.6063965559070986E-003  -7.6063965559071004E-003   4.6969926650534642E-003  -7.6063965559070995E-003   4.6969926650534642E-003   4.6969926650534642E-003  -2.3471432221868938E-003 -0.15159390401761899        8.5670931702125544E-002   8.5670931702125544E-002  -3.1055010711714442E-002   8.5670931702125544E-002  -3.1055010711714435E-002  -3.1055010711714438E-002   7.7878037658825469E-003   8.5670931702125530E-002  -3.1055010711714438E-002  -3.1055010711714442E-002   7.7878037658825451E-003  -3.1055010711714435E-002   7.7878037658825460E-003   7.7878037658825503E-003   1.2532525417559524E-003   1.8018587562012234E-002  -3.1055010711714435E-002  -3.1055010711714438E-002   1.7230853239504126E-002  -3.1055010711714442E-002   1.7230853239504122E-002   1.7230853239504122E-002  -7.6063965559070986E-003  -3.1055010711714438E-002   1.7230853239504122E-002   1.7230853239504126E-002  -7.6063965559070986E-003   1.7230853239504122E-002  -7.6063965559070978E-003  -7.6063965559070995E-003   2.3801480651244899E-003   1.8018587562012231E-002  -3.1055010711714442E-002  -3.1055010711714438E-002   1.7230853239504126E-002  -3.1055010711714442E-002   1.7230853239504126E-002   1.7230853239504126E-002  -7.6063965559071004E-003  -3.1055010711714442E-002   1.7230853239504126E-002   1.7230853239504126E-002  -7.6063965559070986E-003   1.7230853239504126E-002  -7.6063965559070986E-003  -7.6063965559071012E-003   2.3801480651244908E-003   1.5169757826867128E-002   7.7878037658825451E-003   7.7878037658825451E-003  -7.6063965559071004E-003   7.7878037658825469E-003  -7.6063965559070986E-003  -7.6063965559070978E-003   4.6969926650534642E-003   7.7878037658825451E-003  -7.6063965559070986E-003  -7.6063965559070986E-003   4.6969926650534633E-003  -7.6063965559070986E-003   4.6969926650534633E-003   4.6969926650534642E-003  -2.3471432221868933E-003   1.8018587562012224E-002  -3.1055010711714435E-002  -3.1055010711714438E-002   1.7230853239504126E-002  -3.1055010711714438E-002   1.7230853239504126E-002   1.7230853239504122E-002  -7.6063965559070995E-003  -3.1055010711714435E-002   1.7230853239504122E-002   1.7230853239504126E-002  -7.6063965559070986E-003   1.7230853239504122E-002  -7.6063965559070978E-003  -7.6063965559070995E-003   2.3801480651244903E-003   1.5169757826867124E-002   7.7878037658825460E-003   7.7878037658825460E-003  -7.6063965559070995E-003   7.7878037658825460E-003  -7.6063965559070995E-003  -7.6063965559070995E-003   4.6969926650534642E-003   7.7878037658825460E-003  -7.6063965559070978E-003  -7.6063965559070986E-003   4.6969926650534633E-003  -7.6063965559070978E-003   4.6969926650534642E-003   4.6969926650534642E-003  -2.3471432221868933E-003   1.5169757826867115E-002   7.7878037658825495E-003   7.7878037658825495E-003  -7.6063965559070995E-003   7.7878037658825495E-003  -7.6063965559070986E-003  -7.6063965559071004E-003   4.6969926650534642E-003   7.7878037658825503E-003  -7.6063965559070995E-003  -7.6063965559071012E-003   4.6969926650534642E-003  -7.6063965559070995E-003   4.6969926650534642E-003   4.6969926650534633E-003  -2.3471432221868929E-003  -1.9715421335506876E-002   1.2532525417559518E-003   1.2532525417559518E-003   2.3801480651244899E-003   1.2532525417559518E-003   2.3801480651244903E-003   2.3801480651244899E-003  -2.3471432221868938E-003   1.2532525417559524E-003   2.3801480651244899E-003   2.3801480651244908E-003  -2.3471432221868933E-003   2.3801480651244903E-003  -2.3471432221868933E-003  -2.3471432221868929E-003   1.6179541923070171E-003
