   0.0000000000000000        0.0000000000000000        0.0000000000000000        0.0000000000000000        0.0000000000000000        0.0000000000000000        0.0000000000000000        0.0000000000000000        0.0000000000000000        0.0000000000000000        0.0000000000000000        0.0000000000000000        0.0000000000000000        0.0000000000000000        0.0000000000000000        0.0000000000000000        0.0000000000000000        0.0000000000000000        0.0000000000000000        0.0000000000000000        0.0000000000000000        0.0000000000000000        0.0000000000000000        0.0000000000000000        0.0000000000000000        0.0000000000000000        0.0000000000000000        0.0000000000000000        0.0000000000000000        0.0000000000000000        0.0000000000000000        0.0000000000000000        0.0000000000000000        0.0000000000000000        0.0000000000000000        0.0000000000000000        0.0000000000000000        0.0000000000000000        0.0000000000000000        0.0000000000000000        0.0000000000000000        0.0000000000000000        0.0000000000000000        0.0000000000000000        0.0000000000000000        0.0000000000000000        0.0000000000000000        0.0000000000000000        0.0000000000000000        0.0000000000000000        0.0000000000000000        0.0000000000000000        0.0000000000000000        0.0000000000000000        0.0000000000000000        0.0000000000000000        0.0000000000000000        0.0000000000000000        0.0000000000000000        0.0000000000000000        0.0000000000000000        0.0000000000000000        0.0000000000000000        0.0000000000000000        0.0000000000000000        0.0000000000000000        0.0000000000000000        0.0000000000000000        0.0000000000000000        0.0000000000000000        0.0000000000000000        0.0000000000000000        0.0000000000000000        0.0000000000000000        0.0000000000000000        0.0000000000000000        0.0000000000000000        0.0000000000000000        0.0000000000000000        0.0000000000000000        0.0000000000000000        0.0000000000000000        0.0000000000000000        0.0000000000000000        0.0000000000000000        0.0000000000000000        0.0000000000000000        0.0000000000000000        0.0000000000000000        0.0000000000000000        0.0000000000000000        0.0000000000000000        0.0000000000000000        0.0000000000000000        0.0000000000000000        0.0000000000000000        0.0000000000000000        0.0000000000000000        0.0000000000000000        0.0000000000000000        0.0000000000000000        0.0000000000000000        0.0000000000000000        0.0000000000000000        0.0000000000000000        0.0000000000000000        0.0000000000000000        0.0000000000000000        0.0000000000000000        0.0000000000000000        0.0000000000000000        0.0000000000000000        0.0000000000000000        0.0000000000000000        0.0000000000000000        0.0000000000000000        0.0000000000000000        0.0000000000000000        0.0000000000000000        0.0000000000000000        0.0000000000000000        0.0000000000000000        0.0000000000000000        0.0000000000000000        0.0000000000000000        0.0000000000000000        0.0000000000000000        0.0000000000000000        0.0000000000000000        0.0000000000000000        0.0000000000000000        0.0000000000000000        0.0000000000000000        0.0000000000000000        0.0000000000000000        0.0000000000000000        0.0000000000000000        0.0000000000000000        0.0000000000000000        0.0000000000000000        0.0000000000000000        0.0000000000000000        0.0000000000000000        0.0000000000000000        0.0000000000000000        0.0000000000000000        0.0000000000000000        0.0000000000000000        0.0000000000000000        0.0000000000000000        0.0000000000000000        0.0000000000000000        0.0000000000000000        0.0000000000000000        0.0000000000000000        0.0000000000000000        0.0000000000000000        0.0000000000000000        0.0000000000000000        0.0000000000000000        0.0000000000000000        0.0000000000000000        0.0000000000000000        0.0000000000000000        0.0000000000000000        0.0000000000000000        0.0000000000000000        0.0000000000000000        0.0000000000000000        0.0000000000000000        0.0000000000000000        0.0000000000000000        0.0000000000000000        0.0000000000000000        0.0000000000000000        0.0000000000000000        0.0000000000000000        0.0000000000000000        0.0000000000000000        0.0000000000000000        0.0000000000000000        0.0000000000000000        0.0000000000000000        0.0000000000000000        0.0000000000000000        0.0000000000000000        0.0000000000000000        0.0000000000000000        0.0000000000000000        0.0000000000000000        0.0000000000000000        0.0000000000000000        0.0000000000000000        0.0000000000000000        0.0000000000000000        0.0000000000000000        0.0000000000000000        0.0000000000000000        0.0000000000000000        0.0000000000000000        0.0000000000000000        0.0000000000000000        0.0000000000000000        0.0000000000000000        0.0000000000000000        0.0000000000000000        0.0000000000000000        0.0000000000000000        0.0000000000000000        0.0000000000000000        0.0000000000000000        0.0000000000000000        0.0000000000000000        0.0000000000000000        0.0000000000000000        0.0000000000000000        0.0000000000000000        0.0000000000000000        0.0000000000000000        0.0000000000000000        0.0000000000000000        0.0000000000000000        0.0000000000000000        0.0000000000000000        0.0000000000000000        0.0000000000000000        0.0000000000000000        0.0000000000000000        0.0000000000000000        0.0000000000000000        0.0000000000000000        0.0000000000000000        0.0000000000000000        0.0000000000000000        0.0000000000000000        0.0000000000000000        0.0000000000000000        0.0000000000000000        0.0000000000000000        0.0000000000000000        0.0000000000000000        0.0000000000000000        0.0000000000000000        0.0000000000000000        0.0000000000000000        0.0000000000000000        0.0000000000000000        0.0000000000000000        0.0000000000000000        0.0000000000000000        0.0000000000000000        0.0000000000000000        0.0000000000000000        0.0000000000000000        0.0000000000000000        0.0000000000000000     
   0.0000000000000000      -0.15692221072523588      -0.15692221072523588        1.6509761364713587E-002 -0.15692221072523588        1.6509761364713587E-002   1.6509761364713587E-002   4.8759177620495064E-003 -0.15692221072523593        1.6509761364713590E-002   1.6509761364713587E-002   4.8759177620495064E-003   1.6509761364713587E-002   4.8759177620495064E-003   4.8759177620495064E-003  -1.4002393057183714E-003  0.15692221072523588        0.0000000000000000        4.2508644012565379E-019  -6.7434650290470735E-003  -1.5354563684090643E-020  -6.7434650290470735E-003  -6.7434650290470735E-003   8.1246353387835789E-004  -1.8271009350039373E-019  -6.7434650290470735E-003  -6.7434650290470735E-003   8.1246353387835779E-004  -6.7434650290470735E-003   8.1246353387835789E-004   8.1246353387835779E-004   2.4969949317180763E-004  0.15692221072523588       -4.2508644012565379E-019   0.0000000000000000       -6.7434650290470726E-003  -3.1846784601676729E-019  -6.7434650290470726E-003  -6.7434650290470726E-003   8.1246353387835779E-004  -1.6056396483299416E-019  -6.7434650290470726E-003  -6.7434650290470726E-003   8.1246353387835779E-004  -6.7434650290470726E-003   8.1246353387835779E-004   8.1246353387835779E-004   2.4969949317180763E-004  -1.6509761364713587E-002   6.7434650290470735E-003   6.7434650290470726E-003   0.0000000000000000        6.7434650290470726E-003  -5.0524603226850531E-020  -6.0729425818994706E-020  -3.5285366963613916E-004   6.7434650290470726E-003  -1.4561026256245950E-019  -1.1005534422200272E-020  -3.5285366963613916E-004  -6.8080382611798208E-020  -3.5285366963613916E-004  -3.5285366963613916E-004   4.7176739701002988E-005  0.15692221072523588        1.5354563684090643E-020   3.1846784601676729E-019  -6.7434650290470726E-003   0.0000000000000000       -6.7434650290470735E-003  -6.7434650290470735E-003   8.1246353387835779E-004  -4.9261618156185558E-019  -6.7434650290470726E-003  -6.7434650290470735E-003   8.1246353387835779E-004  -6.7434650290470726E-003   8.1246353387835779E-004   8.1246353387835779E-004   2.4969949317180763E-004  -1.6509761364713587E-002   6.7434650290470735E-003   6.7434650290470726E-003   5.0524603226850531E-020   6.7434650290470735E-003   0.0000000000000000       -1.6981086195421937E-020  -3.5285366963613916E-004   6.7434650290470726E-003  -9.5932690667251483E-020   3.9307299233483349E-020  -3.5285366963613916E-004  -1.7555774531850736E-020  -3.5285366963613921E-004  -3.5285366963613921E-004   4.7176739701002988E-005  -1.6509761364713587E-002   6.7434650290470735E-003   6.7434650290470726E-003   6.0729425818994706E-020   6.7434650290470735E-003   1.6981086195421937E-020   0.0000000000000000       -3.5285366963613916E-004   6.7434650290470735E-003  -7.8951604503408624E-020   6.3064649007038336E-020  -3.5285366963613916E-004   6.2015752101251194E-021  -3.5285366963613916E-004  -3.5285366963613921E-004   4.7176739701002988E-005  -4.8759177620495064E-003  -8.1246353387835789E-004  -8.1246353387835779E-004   3.5285366963613916E-004  -8.1246353387835779E-004   3.5285366963613916E-004   3.5285366963613916E-004   0.0000000000000000       -8.1246353387835779E-004   3.5285366963613916E-004   3.5285366963613916E-004   1.6375900789450831E-022   3.5285366963613916E-004  -1.1284589776586958E-022  -1.1844660719093637E-021  -2.1595928954677449E-005  0.15692221072523593        1.8271009350039373E-019   1.6056396483299416E-019  -6.7434650290470726E-003   4.9261618156185558E-019  -6.7434650290470726E-003  -6.7434650290470735E-003   8.1246353387835779E-004   0.0000000000000000       -6.7434650290470726E-003  -6.7434650290470726E-003   8.1246353387835779E-004  -6.7434650290470726E-003   8.1246353387835779E-004   8.1246353387835789E-004   2.4969949317180763E-004  -1.6509761364713590E-002   6.7434650290470735E-003   6.7434650290470726E-003   1.4561026256245950E-019   6.7434650290470726E-003   9.5932690667251483E-020   7.8951604503408624E-020  -3.5285366963613916E-004   6.7434650290470726E-003   0.0000000000000000        1.2782845163762651E-019  -3.5285366963613916E-004   7.7529879950636639E-020  -3.5285366963613916E-004  -3.5285366963613916E-004   4.7176739701002982E-005  -1.6509761364713587E-002   6.7434650290470735E-003   6.7434650290470726E-003   1.1005534422200272E-020   6.7434650290470735E-003  -3.9307299233483349E-020  -6.3064649007038336E-020  -3.5285366963613916E-004   6.7434650290470726E-003  -1.2782845163762651E-019   0.0000000000000000       -3.5285366963613916E-004  -5.6863089952784506E-020  -3.5285366963613916E-004  -3.5285366963613916E-004   4.7176739701002988E-005  -4.8759177620495064E-003  -8.1246353387835779E-004  -8.1246353387835779E-004   3.5285366963613916E-004  -8.1246353387835779E-004   3.5285366963613916E-004   3.5285366963613916E-004  -1.6375900789450831E-022  -8.1246353387835779E-004   3.5285366963613916E-004   3.5285366963613916E-004   0.0000000000000000        3.5285366963613916E-004  -1.6742348613114091E-022  -1.0272854518600525E-021  -2.1595928954677449E-005  -1.6509761364713587E-002   6.7434650290470735E-003   6.7434650290470726E-003   6.8080382611798208E-020   6.7434650290470726E-003   1.7555774531850736E-020  -6.2015752101251194E-021  -3.5285366963613916E-004   6.7434650290470726E-003  -7.7529879950636639E-020   5.6863089952784506E-020  -3.5285366963613916E-004   0.0000000000000000       -3.5285366963613916E-004  -3.5285366963613916E-004   4.7176739701002988E-005  -4.8759177620495064E-003  -8.1246353387835789E-004  -8.1246353387835779E-004   3.5285366963613916E-004  -8.1246353387835779E-004   3.5285366963613921E-004   3.5285366963613916E-004   1.1284589776586958E-022  -8.1246353387835779E-004   3.5285366963613916E-004   3.5285366963613916E-004   1.6742348613114091E-022   3.5285366963613916E-004   0.0000000000000000       -8.5986355291724592E-022  -2.1595928954677456E-005  -4.8759177620495064E-003  -8.1246353387835779E-004  -8.1246353387835779E-004   3.5285366963613916E-004  -8.1246353387835779E-004   3.5285366963613921E-004   3.5285366963613921E-004   1.1844660719093637E-021  -8.1246353387835789E-004   3.5285366963613916E-004   3.5285366963613916E-004   1.0272854518600525E-021   3.5285366963613916E-004   8.5986355291724592E-022   0.0000000000000000       -2.1595928954677456E-005   1.4002393057183714E-003  -2.4969949317180763E-004  -2.4969949317180763E-004  -4.7176739701002988E-005  -2.4969949317180763E-004  -4.7176739701002988E-005  -4.7176739701002988E-005   2.1595928954677449E-005  -2.4969949317180763E-004  -4.7176739701002982E-005  -4.7176739701002988E-005   2.1595928954677449E-005  -4.7176739701002988E-005   2.1595928954677456E-005   2.1595928954677456E-005   0.0000000000000000     
   0.0000000000000000      -0.17415515330140918      -0.17415515330140924        6.5032446900394475E-002 -0.17415515330140918        6.5032446900394475E-002   6.5032446900394475E-002  -5.0713721505005784E-003 -0.17415515330140924        6.5032446900394475E-002   6.5032446900394489E-002  -5.0713721505005801E-003   6.5032446900394475E-002  -5.0713721505005784E-003  -5.0713721505005792E-003  -7.2070486880573131E-003  0.17415515330140918        0.0000000000000000        4.9193155932723857E-018  -2.1544934267502716E-002   2.0800755852881085E-019  -2.1544934267502716E-002  -2.1544934267502713E-002   9.5024368783387814E-003   4.7371899415203968E-018  -2.1544934267502713E-002  -2.1544934267502713E-002   9.5024368783387814E-003  -2.1544934267502713E-002   9.5024368783387814E-003   9.5024368783387814E-003  -1.0666723227734948E-003  0.17415515330140924       -4.9193155932723857E-018   0.0000000000000000       -2.1544934267502713E-002  -4.6020406811013704E-018  -2.1544934267502713E-002  -2.1544934267502713E-002   9.5024368783387814E-003  -7.4551639460804154E-020  -2.1544934267502713E-002  -2.1544934267502713E-002   9.5024368783387814E-003  -2.1544934267502713E-002   9.5024368783387814E-003   9.5024368783387814E-003  -1.0666723227734951E-003  -6.5032446900394475E-002   2.1544934267502716E-002   2.1544934267502713E-002   0.0000000000000000        2.1544934267502713E-002  -2.4990749346579113E-019  -5.4035051483060916E-020  -3.4190407351055488E-003   2.1544934267502713E-002  -7.9011130258690395E-019  -5.9377190279562515E-019  -3.4190407351055493E-003  -9.3422238645894446E-019  -3.4190407351055484E-003  -3.4190407351055488E-003   1.7122037853312176E-003  0.17415515330140918       -2.0800755852881085E-019   4.6020406811013704E-018  -2.1544934267502713E-002   0.0000000000000000       -2.1544934267502713E-002  -2.1544934267502713E-002   9.5024368783387814E-003   4.5825591070996967E-018  -2.1544934267502713E-002  -2.1544934267502713E-002   9.5024368783387814E-003  -2.1544934267502713E-002   9.5024368783387814E-003   9.5024368783387814E-003  -1.0666723227734946E-003  -6.5032446900394475E-002   2.1544934267502716E-002   2.1544934267502713E-002   2.4990749346579113E-019   2.1544934267502713E-002   0.0000000000000000        7.3900523144726216E-020  -3.4190407351055493E-003   2.1544934267502713E-002  -6.4867531338348866E-019  -4.5057648568717491E-019  -3.4190407351055493E-003  -7.5212964256403823E-019  -3.4190407351055488E-003  -3.4190407351055493E-003   1.7122037853312174E-003  -6.5032446900394475E-002   2.1544934267502713E-002   2.1544934267502713E-002   5.4035051483060916E-020   2.1544934267502713E-002  -7.3900523144726216E-020   0.0000000000000000       -3.4190407351055493E-003   2.1544934267502716E-002  -6.0055015317230831E-019  -4.3126285197769734E-019  -3.4190407351055493E-003  -8.6663398043883159E-019  -3.4190407351055493E-003  -3.4190407351055493E-003   1.7122037853312174E-003   5.0713721505005784E-003  -9.5024368783387814E-003  -9.5024368783387814E-003   3.4190407351055488E-003  -9.5024368783387814E-003   3.4190407351055493E-003   3.4190407351055493E-003   0.0000000000000000       -9.5024368783387814E-003   3.4190407351055493E-003   3.4190407351055497E-003  -5.7672690597578464E-020   3.4190407351055497E-003  -1.0522161204468636E-019  -1.9956750567401022E-022  -6.5938539386313901E-004  0.17415515330140924       -4.7371899415203968E-018   7.4551639460804154E-020  -2.1544934267502713E-002  -4.5825591070996967E-018  -2.1544934267502713E-002  -2.1544934267502716E-002   9.5024368783387814E-003   0.0000000000000000       -2.1544934267502716E-002  -2.1544934267502716E-002   9.5024368783387814E-003  -2.1544934267502716E-002   9.5024368783387814E-003   9.5024368783387814E-003  -1.0666723227734946E-003  -6.5032446900394475E-002   2.1544934267502713E-002   2.1544934267502713E-002   7.9011130258690395E-019   2.1544934267502713E-002   6.4867531338348866E-019   6.0055015317230831E-019  -3.4190407351055493E-003   2.1544934267502716E-002   0.0000000000000000        1.8454714124993274E-019  -3.4190407351055493E-003  -1.5766278122333866E-019  -3.4190407351055493E-003  -3.4190407351055493E-003   1.7122037853312176E-003  -6.5032446900394489E-002   2.1544934267502713E-002   2.1544934267502713E-002   5.9377190279562515E-019   2.1544934267502713E-002   4.5057648568717491E-019   4.3126285197769734E-019  -3.4190407351055497E-003   2.1544934267502716E-002  -1.8454714124993274E-019   0.0000000000000000       -3.4190407351055493E-003  -3.9640759754093634E-019  -3.4190407351055493E-003  -3.4190407351055493E-003   1.7122037853312176E-003   5.0713721505005801E-003  -9.5024368783387814E-003  -9.5024368783387814E-003   3.4190407351055493E-003  -9.5024368783387814E-003   3.4190407351055493E-003   3.4190407351055493E-003   5.7672690597578464E-020  -9.5024368783387814E-003   3.4190407351055493E-003   3.4190407351055493E-003   0.0000000000000000        3.4190407351055493E-003  -4.4200904686631389E-020   5.7433832012813574E-020  -6.5938539386313890E-004  -6.5032446900394475E-002   2.1544934267502713E-002   2.1544934267502713E-002   9.3422238645894446E-019   2.1544934267502713E-002   7.5212964256403823E-019   8.6663398043883159E-019  -3.4190407351055497E-003   2.1544934267502716E-002   1.5766278122333866E-019   3.9640759754093634E-019  -3.4190407351055493E-003   0.0000000000000000       -3.4190407351055493E-003  -3.4190407351055497E-003   1.7122037853312176E-003   5.0713721505005784E-003  -9.5024368783387814E-003  -9.5024368783387814E-003   3.4190407351055484E-003  -9.5024368783387814E-003   3.4190407351055488E-003   3.4190407351055493E-003   1.0522161204468636E-019  -9.5024368783387814E-003   3.4190407351055493E-003   3.4190407351055493E-003   4.4200904686631389E-020   3.4190407351055493E-003   0.0000000000000000        1.0502328187683932E-019  -6.5938539386313890E-004   5.0713721505005792E-003  -9.5024368783387814E-003  -9.5024368783387814E-003   3.4190407351055488E-003  -9.5024368783387814E-003   3.4190407351055493E-003   3.4190407351055493E-003   1.9956750567401022E-022  -9.5024368783387814E-003   3.4190407351055493E-003   3.4190407351055493E-003  -5.7433832012813574E-020   3.4190407351055497E-003  -1.0502328187683932E-019   0.0000000000000000       -6.5938539386313890E-004   7.2070486880573131E-003   1.0666723227734948E-003   1.0666723227734951E-003  -1.7122037853312176E-003   1.0666723227734946E-003  -1.7122037853312174E-003  -1.7122037853312174E-003   6.5938539386313901E-004   1.0666723227734946E-003  -1.7122037853312176E-003  -1.7122037853312176E-003   6.5938539386313890E-004  -1.7122037853312176E-003   6.5938539386313890E-004   6.5938539386313890E-004   0.0000000000000000     
   0.0000000000000000      -0.11652202899450580      -0.11652202899450581        7.6268379366597680E-002 -0.11652202899450578        7.6268379366597680E-002   7.6268379366597708E-002  -3.6647273089947467E-002 -0.11652202899450584        7.6268379366597680E-002   7.6268379366597694E-002  -3.6647273089947467E-002   7.6268379366597680E-002  -3.6647273089947481E-002  -3.6647273089947474E-002   1.4254437634725106E-002  0.11652202899450580        0.0000000000000000       -1.7181951302522765E-018  -1.8235518472965725E-002  -1.6018025047239735E-018  -1.8235518472965721E-002  -1.8235518472965721E-002   1.4342648432191209E-002   6.0409932390853069E-018  -1.8235518472965721E-002  -1.8235518472965725E-002   1.4342648432191211E-002  -1.8235518472965718E-002   1.4342648432191209E-002   1.4342648432191211E-002  -8.1600642346810800E-003  0.11652202899450581        1.7181951302522765E-018   0.0000000000000000       -1.8235518472965725E-002  -1.1812601952472867E-018  -1.8235518472965721E-002  -1.8235518472965725E-002   1.4342648432191209E-002   9.9115536951495687E-018  -1.8235518472965728E-002  -1.8235518472965725E-002   1.4342648432191211E-002  -1.8235518472965721E-002   1.4342648432191213E-002   1.4342648432191213E-002  -8.1600642346810800E-003  -7.6268379366597680E-002   1.8235518472965725E-002   1.8235518472965725E-002   0.0000000000000000        1.8235518472965725E-002  -1.6396858012753557E-019   4.1276181014126443E-019  -3.9197297047389836E-003   1.8235518472965721E-002  -1.1343748911564576E-018  -1.3907628270148878E-018  -3.9197297047389845E-003  -2.0522053213336112E-018  -3.9197297047389836E-003  -3.9197297047389845E-003   3.5145675563425069E-003  0.11652202899450578        1.6018025047239735E-018   1.1812601952472867E-018  -1.8235518472965725E-002   0.0000000000000000       -1.8235518472965725E-002  -1.8235518472965725E-002   1.4342648432191211E-002   9.0396473864946562E-018  -1.8235518472965725E-002  -1.8235518472965721E-002   1.4342648432191211E-002  -1.8235518472965721E-002   1.4342648432191211E-002   1.4342648432191213E-002  -8.1600642346810800E-003  -7.6268379366597680E-002   1.8235518472965721E-002   1.8235518472965721E-002   1.6396858012753557E-019   1.8235518472965725E-002   0.0000000000000000        5.7710094123223924E-019  -3.9197297047389845E-003   1.8235518472965721E-002  -1.0106933155834688E-018  -1.3365379536277364E-018  -3.9197297047389845E-003  -1.8611846523096351E-018  -3.9197297047389827E-003  -3.9197297047389845E-003   3.5145675563425065E-003  -7.6268379366597708E-002   1.8235518472965721E-002   1.8235518472965725E-002  -4.1276181014126443E-019   1.8235518472965725E-002  -5.7710094123223924E-019   0.0000000000000000       -3.9197297047389845E-003   1.8235518472965725E-002  -1.3570703471797949E-018  -1.6676155284530026E-018  -3.9197297047389845E-003  -2.4650069137997214E-018  -3.9197297047389836E-003  -3.9197297047389845E-003   3.5145675563425073E-003   3.6647273089947467E-002  -1.4342648432191209E-002  -1.4342648432191209E-002   3.9197297047389836E-003  -1.4342648432191211E-002   3.9197297047389845E-003   3.9197297047389845E-003   0.0000000000000000       -1.4342648432191209E-002   3.9197297047389853E-003   3.9197297047389853E-003  -2.2758827277599148E-019   3.9197297047389853E-003  -4.0903405830669207E-019  -4.7588633972495608E-020  -1.0562872822404915E-003  0.11652202899450584       -6.0409932390853069E-018  -9.9115536951495687E-018  -1.8235518472965721E-002  -9.0396473864946562E-018  -1.8235518472965721E-002  -1.8235518472965725E-002   1.4342648432191209E-002   0.0000000000000000       -1.8235518472965721E-002  -1.8235518472965725E-002   1.4342648432191209E-002  -1.8235518472965718E-002   1.4342648432191211E-002   1.4342648432191213E-002  -8.1600642346810800E-003  -7.6268379366597680E-002   1.8235518472965721E-002   1.8235518472965728E-002   1.1343748911564576E-018   1.8235518472965725E-002   1.0106933155834688E-018   1.3570703471797949E-018  -3.9197297047389853E-003   1.8235518472965721E-002   0.0000000000000000       -2.5808114842713401E-019  -3.9197297047389845E-003  -8.6414982054958881E-019  -3.9197297047389836E-003  -3.9197297047389845E-003   3.5145675563425073E-003  -7.6268379366597694E-002   1.8235518472965725E-002   1.8235518472965725E-002   1.3907628270148878E-018   1.8235518472965721E-002   1.3365379536277364E-018   1.6676155284530026E-018  -3.9197297047389853E-003   1.8235518472965725E-002   2.5808114842713401E-019   0.0000000000000000       -3.9197297047389853E-003  -7.1623586857145096E-019  -3.9197297047389853E-003  -3.9197297047389862E-003   3.5145675563425073E-003   3.6647273089947467E-002  -1.4342648432191211E-002  -1.4342648432191211E-002   3.9197297047389845E-003  -1.4342648432191211E-002   3.9197297047389845E-003   3.9197297047389845E-003   2.2758827277599148E-019  -1.4342648432191209E-002   3.9197297047389845E-003   3.9197297047389853E-003   0.0000000000000000        3.9197297047389845E-003  -1.5560816902809064E-019   1.2743376813179665E-019  -1.0562872822404915E-003  -7.6268379366597680E-002   1.8235518472965718E-002   1.8235518472965721E-002   2.0522053213336112E-018   1.8235518472965721E-002   1.8611846523096351E-018   2.4650069137997214E-018  -3.9197297047389853E-003   1.8235518472965718E-002   8.6414982054958881E-019   7.1623586857145096E-019  -3.9197297047389845E-003   0.0000000000000000       -3.9197297047389853E-003  -3.9197297047389853E-003   3.5145675563425065E-003   3.6647273089947481E-002  -1.4342648432191209E-002  -1.4342648432191213E-002   3.9197297047389836E-003  -1.4342648432191211E-002   3.9197297047389827E-003   3.9197297047389836E-003   4.0903405830669207E-019  -1.4342648432191211E-002   3.9197297047389836E-003   3.9197297047389853E-003   1.5560816902809064E-019   3.9197297047389853E-003   0.0000000000000000        3.9531351056534207E-019  -1.0562872822404920E-003   3.6647273089947474E-002  -1.4342648432191211E-002  -1.4342648432191213E-002   3.9197297047389845E-003  -1.4342648432191213E-002   3.9197297047389845E-003   3.9197297047389845E-003   4.7588633972495608E-020  -1.4342648432191213E-002   3.9197297047389845E-003   3.9197297047389862E-003  -1.2743376813179665E-019   3.9197297047389853E-003  -3.9531351056534207E-019   0.0000000000000000       -1.0562872822404918E-003  -1.4254437634725106E-002   8.1600642346810800E-003   8.1600642346810800E-003  -3.5145675563425069E-003   8.1600642346810800E-003  -3.5145675563425065E-003  -3.5145675563425073E-003   1.0562872822404915E-003   8.1600642346810800E-003  -3.5145675563425073E-003  -3.5145675563425073E-003   1.0562872822404915E-003  -3.5145675563425065E-003   1.0562872822404920E-003   1.0562872822404918E-003   0.0000000000000000     
   0.0000000000000000       -2.0695149511663282E-003  -2.0695149511663360E-003   4.8832877367095649E-003  -2.0695149511663260E-003   4.8832877367095589E-003   4.8832877367095641E-003  -3.5845741532986972E-003  -2.0695149511663464E-003   4.8832877367095667E-003   4.8832877367095606E-003  -3.5845741532986976E-003   4.8832877367095589E-003  -3.5845741532986989E-003  -3.5845741532987050E-003   2.1973434275601150E-003   2.0695149511663282E-003   0.0000000000000000        1.9027317670588457E-018  -1.1371132699933024E-003  -3.2434361279323692E-018  -1.1371132699933009E-003  -1.1371132699933019E-003   8.8470905149707496E-004   4.2446594417197444E-018  -1.1371132699933022E-003  -1.1371132699933000E-003   8.8470905149707583E-004  -1.1371132699932993E-003   8.8470905149707561E-004   8.8470905149707778E-004  -5.0122477028300425E-004   2.0695149511663360E-003  -1.9027317670588457E-018   0.0000000000000000       -1.1371132699933013E-003  -5.1471360581631324E-018  -1.1371132699932998E-003  -1.1371132699933013E-003   8.8470905149707507E-004   1.9083394466909441E-018  -1.1371132699933009E-003  -1.1371132699932991E-003   8.8470905149707561E-004  -1.1371132699932983E-003   8.8470905149707550E-004   8.8470905149707778E-004  -5.0122477028300403E-004  -4.8832877367095649E-003   1.1371132699933024E-003   1.1371132699933013E-003   0.0000000000000000        1.1371132699933043E-003  -5.3358805135082569E-019  -1.9933200436190683E-019  -1.3375918254094447E-004   1.1371132699933004E-003  -3.3000882954975644E-019  -1.4881598394252367E-018  -1.3375918254094477E-004  -1.4822015290467558E-018  -1.3375918254094463E-004  -1.3375918254094558E-004   6.6344067112682816E-005   2.0695149511663260E-003   3.2434361279323692E-018   5.1471360581631324E-018  -1.1371132699933043E-003   0.0000000000000000       -1.1371132699933028E-003  -1.1371132699933041E-003   8.8470905149707637E-004   7.2716919576054583E-018  -1.1371132699933041E-003  -1.1371132699933019E-003   8.8470905149707702E-004  -1.1371132699933017E-003   8.8470905149707702E-004   8.8470905149707908E-004  -5.0122477028300479E-004  -4.8832877367095589E-003   1.1371132699933009E-003   1.1371132699932998E-003   5.3358805135082569E-019   1.1371132699933028E-003   0.0000000000000000        3.4095246784813005E-019  -1.3375918254094471E-004   1.1371132699932993E-003   2.2065076228207066E-019  -1.0189541474293826E-018  -1.3375918254094493E-004  -1.0840262498864960E-018  -1.3375918254094479E-004  -1.3375918254094572E-004   6.6344067112682830E-005  -4.8832877367095641E-003   1.1371132699933019E-003   1.1371132699933013E-003   1.9933200436190683E-019   1.1371132699933041E-003  -3.4095246784813005E-019   0.0000000000000000       -1.3375918254094447E-004   1.1371132699933004E-003  -2.4928873514389684E-019  -1.4048721642791379E-018  -1.3375918254094466E-004  -1.4996235200429024E-018  -1.3375918254094458E-004  -1.3375918254094550E-004   6.6344067112682762E-005   3.5845741532986972E-003  -8.8470905149707496E-004  -8.8470905149707507E-004   1.3375918254094447E-004  -8.8470905149707637E-004   1.3375918254094471E-004   1.3375918254094447E-004   0.0000000000000000       -8.8470905149707507E-004   1.3375918254094485E-004   1.3375918254094544E-004   1.2433141729793733E-019   1.3375918254094525E-004  -1.9224277636926507E-021   5.0122609978976802E-019   8.6549090795258249E-006   2.0695149511663464E-003  -4.2446594417197444E-018  -1.9083394466909441E-018  -1.1371132699933004E-003  -7.2716919576054583E-018  -1.1371132699932993E-003  -1.1371132699933004E-003   8.8470905149707507E-004   0.0000000000000000       -1.1371132699933000E-003  -1.1371132699932983E-003   8.8470905149707561E-004  -1.1371132699932974E-003   8.8470905149707507E-004   8.8470905149707691E-004  -5.0122477028300403E-004  -4.8832877367095667E-003   1.1371132699933022E-003   1.1371132699933009E-003   3.3000882954975644E-019   1.1371132699933041E-003  -2.2065076228207066E-019   2.4928873514389684E-019  -1.3375918254094485E-004   1.1371132699933000E-003   0.0000000000000000       -1.0436749847800225E-018  -1.3375918254094490E-004  -1.4129849565672671E-018  -1.3375918254094485E-004  -1.3375918254094596E-004   6.6344067112683019E-005  -4.8832877367095606E-003   1.1371132699933000E-003   1.1371132699932991E-003   1.4881598394252367E-018   1.1371132699933019E-003   1.0189541474293826E-018   1.4048721642791379E-018  -1.3375918254094544E-004   1.1371132699932983E-003   1.0436749847800225E-018   0.0000000000000000       -1.3375918254094544E-004  -3.1508660812684378E-019  -1.3375918254094536E-004  -1.3375918254094647E-004   6.6344067112683385E-005   3.5845741532986976E-003  -8.8470905149707583E-004  -8.8470905149707561E-004   1.3375918254094477E-004  -8.8470905149707702E-004   1.3375918254094493E-004   1.3375918254094466E-004  -1.2433141729793733E-019  -8.8470905149707561E-004   1.3375918254094490E-004   1.3375918254094544E-004   0.0000000000000000        1.3375918254094542E-004  -1.5014280821415086E-019   4.3090614782465987E-019   8.6549090795259113E-006  -4.8832877367095589E-003   1.1371132699932993E-003   1.1371132699932983E-003   1.4822015290467558E-018   1.1371132699933017E-003   1.0840262498864960E-018   1.4996235200429024E-018  -1.3375918254094525E-004   1.1371132699932974E-003   1.4129849565672671E-018   3.1508660812684378E-019  -1.3375918254094542E-004   0.0000000000000000       -1.3375918254094531E-004  -1.3375918254094642E-004   6.6344067112683223E-005   3.5845741532986989E-003  -8.8470905149707561E-004  -8.8470905149707550E-004   1.3375918254094463E-004  -8.8470905149707702E-004   1.3375918254094479E-004   1.3375918254094458E-004   1.9224277636926507E-021  -8.8470905149707507E-004   1.3375918254094485E-004   1.3375918254094536E-004   1.5014280821415086E-019   1.3375918254094531E-004   0.0000000000000000        5.2682189990550895E-019   8.6549090795257791E-006   3.5845741532987050E-003  -8.8470905149707778E-004  -8.8470905149707778E-004   1.3375918254094558E-004  -8.8470905149707908E-004   1.3375918254094572E-004   1.3375918254094550E-004  -5.0122609978976802E-019  -8.8470905149707691E-004   1.3375918254094596E-004   1.3375918254094647E-004  -4.3090614782465987E-019   1.3375918254094642E-004  -5.2682189990550895E-019   0.0000000000000000        8.6549090795261400E-006  -2.1973434275601150E-003   5.0122477028300425E-004   5.0122477028300403E-004  -6.6344067112682816E-005   5.0122477028300479E-004  -6.6344067112682830E-005  -6.6344067112682762E-005  -8.6549090795258249E-006   5.0122477028300403E-004  -6.6344067112683019E-005  -6.6344067112683385E-005  -8.6549090795259113E-006  -6.6344067112683223E-005  -8.6549090795257791E-006  -8.6549090795261400E-006   0.0000000000000000     
   0.0000000000000000       0.14770226666758163       0.14770226666758166       -9.0639924006264569E-002  0.14770226666758160       -9.0639924006264555E-002  -9.0639924006264555E-002   4.4240228023414083E-002  0.14770226666758163       -9.0639924006264541E-002  -9.0639924006264569E-002   4.4240228023414076E-002  -9.0639924006264583E-002   4.4240228023414083E-002   4.4240228023414097E-002  -1.7549674625029064E-002 -0.14770226666758163        0.0000000000000000       -1.6476996803961168E-018   2.1933316157881119E-002  -1.1971481241977689E-018   2.1933316157881119E-002   2.1933316157881116E-002  -1.7747078172911015E-002   2.1238595869831442E-018   2.1933316157881119E-002   2.1933316157881123E-002  -1.7747078172911015E-002   2.1933316157881119E-002  -1.7747078172911011E-002  -1.7747078172911011E-002   1.0913444629123017E-002 -0.14770226666758166        1.6476996803961168E-018   0.0000000000000000        2.1933316157881119E-002   1.3704177937514024E-018   2.1933316157881119E-002   2.1933316157881119E-002  -1.7747078172911011E-002   3.7169176600536482E-018   2.1933316157881119E-002   2.1933316157881119E-002  -1.7747078172911011E-002   2.1933316157881119E-002  -1.7747078172911015E-002  -1.7747078172911011E-002   1.0913444629123017E-002   9.0639924006264569E-002  -2.1933316157881119E-002  -2.1933316157881119E-002   0.0000000000000000       -2.1933316157881119E-002  -2.5008312694842022E-018  -2.0777798047298262E-018   4.6685930868709292E-003  -2.1933316157881119E-002  -1.4038065077698821E-018  -2.2820271649767053E-018   4.6685930868709292E-003  -2.9344953205094054E-018   4.6685930868709292E-003   4.6685930868709275E-003  -4.5385062709339388E-003 -0.14770226666758160        1.1971481241977689E-018  -1.3704177937514024E-018   2.1933316157881119E-002   0.0000000000000000        2.1933316157881119E-002   2.1933316157881123E-002  -1.7747078172911011E-002   3.4840610956979371E-018   2.1933316157881119E-002   2.1933316157881119E-002  -1.7747078172911011E-002   2.1933316157881119E-002  -1.7747078172911015E-002  -1.7747078172911015E-002   1.0913444629123017E-002   9.0639924006264555E-002  -2.1933316157881119E-002  -2.1933316157881119E-002   2.5008312694842022E-018  -2.1933316157881119E-002   0.0000000000000000        3.1632862198971410E-019   4.6685930868709266E-003  -2.1933316157881126E-002   1.0834717645013242E-018   3.2382962278306377E-019   4.6685930868709266E-003  -4.4080603346692119E-019   4.6685930868709275E-003   4.6685930868709258E-003  -4.5385062709339371E-003   9.0639924006264555E-002  -2.1933316157881116E-002  -2.1933316157881119E-002   2.0777798047298262E-018  -2.1933316157881123E-002  -3.1632862198971410E-019   0.0000000000000000        4.6685930868709284E-003  -2.1933316157881123E-002   5.6564861592153164E-019  -2.0209343342702317E-019   4.6685930868709266E-003  -7.5544219069811737E-019   4.6685930868709275E-003   4.6685930868709266E-003  -4.5385062709339371E-003  -4.4240228023414083E-002   1.7747078172911015E-002   1.7747078172911011E-002  -4.6685930868709292E-003   1.7747078172911011E-002  -4.6685930868709266E-003  -4.6685930868709284E-003   0.0000000000000000        1.7747078172911015E-002  -4.6685930868709284E-003  -4.6685930868709275E-003  -2.6761606895507192E-019  -4.6685930868709284E-003   7.3869529976861682E-020   8.2888674041622515E-019   1.4073222823984041E-003 -0.14770226666758163       -2.1238595869831442E-018  -3.7169176600536482E-018   2.1933316157881119E-002  -3.4840610956979371E-018   2.1933316157881126E-002   2.1933316157881123E-002  -1.7747078172911015E-002   0.0000000000000000        2.1933316157881119E-002   2.1933316157881123E-002  -1.7747078172911015E-002   2.1933316157881123E-002  -1.7747078172911011E-002  -1.7747078172911011E-002   1.0913444629123015E-002   9.0639924006264541E-002  -2.1933316157881119E-002  -2.1933316157881119E-002   1.4038065077698821E-018  -2.1933316157881119E-002  -1.0834717645013242E-018  -5.6564861592153164E-019   4.6685930868709284E-003  -2.1933316157881119E-002   0.0000000000000000       -7.6768942312858848E-019   4.6685930868709275E-003  -1.4209413825678523E-018   4.6685930868709284E-003   4.6685930868709266E-003  -4.5385062709339371E-003   9.0639924006264569E-002  -2.1933316157881123E-002  -2.1933316157881119E-002   2.2820271649767053E-018  -2.1933316157881119E-002  -3.2382962278306377E-019   2.0209343342702317E-019   4.6685930868709275E-003  -2.1933316157881123E-002   7.6768942312858848E-019   0.0000000000000000        4.6685930868709275E-003  -5.5287902050697571E-019   4.6685930868709275E-003   4.6685930868709258E-003  -4.5385062709339379E-003  -4.4240228023414076E-002   1.7747078172911015E-002   1.7747078172911011E-002  -4.6685930868709292E-003   1.7747078172911011E-002  -4.6685930868709266E-003  -4.6685930868709266E-003   2.6761606895507192E-019   1.7747078172911015E-002  -4.6685930868709275E-003  -4.6685930868709275E-003   0.0000000000000000       -4.6685930868709275E-003   3.0316377520922055E-019   1.1057473929536757E-018   1.4073222823984038E-003   9.0639924006264583E-002  -2.1933316157881119E-002  -2.1933316157881119E-002   2.9344953205094054E-018  -2.1933316157881119E-002   4.4080603346692119E-019   7.5544219069811737E-019   4.6685930868709284E-003  -2.1933316157881123E-002   1.4209413825678523E-018   5.5287902050697571E-019   4.6685930868709275E-003   0.0000000000000000        4.6685930868709266E-003   4.6685930868709258E-003  -4.5385062709339371E-003  -4.4240228023414083E-002   1.7747078172911011E-002   1.7747078172911015E-002  -4.6685930868709292E-003   1.7747078172911015E-002  -4.6685930868709275E-003  -4.6685930868709275E-003  -7.3869529976861682E-020   1.7747078172911011E-002  -4.6685930868709284E-003  -4.6685930868709275E-003  -3.0316377520922055E-019  -4.6685930868709266E-003   0.0000000000000000        7.4900880947891046E-019   1.4073222823984043E-003  -4.4240228023414097E-002   1.7747078172911011E-002   1.7747078172911011E-002  -4.6685930868709275E-003   1.7747078172911015E-002  -4.6685930868709258E-003  -4.6685930868709266E-003  -8.2888674041622515E-019   1.7747078172911011E-002  -4.6685930868709266E-003  -4.6685930868709258E-003  -1.1057473929536757E-018  -4.6685930868709258E-003  -7.4900880947891046E-019   0.0000000000000000        1.4073222823984045E-003   1.7549674625029064E-002  -1.0913444629123017E-002  -1.0913444629123017E-002   4.5385062709339388E-003  -1.0913444629123017E-002   4.5385062709339371E-003   4.5385062709339371E-003  -1.4073222823984041E-003  -1.0913444629123015E-002   4.5385062709339371E-003   4.5385062709339379E-003  -1.4073222823984038E-003   4.5385062709339371E-003  -1.4073222823984043E-003  -1.4073222823984045E-003   0.0000000000000000     
