   0.0000000000000000        0.0000000000000000        0.0000000000000000        0.0000000000000000        0.0000000000000000        0.0000000000000000        0.0000000000000000        0.0000000000000000        0.0000000000000000        0.0000000000000000        0.0000000000000000        0.0000000000000000        0.0000000000000000        0.0000000000000000        0.0000000000000000        0.0000000000000000        0.0000000000000000        0.0000000000000000        0.0000000000000000        0.0000000000000000        0.0000000000000000        0.0000000000000000        0.0000000000000000        0.0000000000000000        0.0000000000000000        0.0000000000000000        0.0000000000000000        0.0000000000000000        0.0000000000000000        0.0000000000000000        0.0000000000000000        0.0000000000000000        0.0000000000000000        0.0000000000000000        0.0000000000000000        0.0000000000000000        0.0000000000000000        0.0000000000000000        0.0000000000000000        0.0000000000000000        0.0000000000000000        0.0000000000000000        0.0000000000000000        0.0000000000000000        0.0000000000000000        0.0000000000000000        0.0000000000000000        0.0000000000000000        0.0000000000000000        0.0000000000000000        0.0000000000000000       0.16666666666666671        0.0000000000000000       0.16666666666666671       0.16666666666666671        0.0000000000000000        0.0000000000000000       0.16666666666666671       0.16666666666666671        0.0000000000000000       0.16666666666666671        0.0000000000000000        0.0000000000000000        0.0000000000000000        0.0000000000000000        0.0000000000000000        0.0000000000000000        0.0000000000000000        0.0000000000000000        0.0000000000000000        0.0000000000000000        0.0000000000000000        0.0000000000000000        0.0000000000000000        0.0000000000000000        0.0000000000000000        0.0000000000000000        0.0000000000000000        0.0000000000000000        0.0000000000000000        0.0000000000000000        0.0000000000000000        0.0000000000000000       0.16666666666666671        0.0000000000000000       0.16666666666666671       0.16666666666666671        0.0000000000000000        0.0000000000000000       0.16666666666666671       0.16666666666666671        0.0000000000000000       0.16666666666666671        0.0000000000000000        0.0000000000000000        0.0000000000000000        0.0000000000000000        0.0000000000000000        0.0000000000000000       0.16666666666666671        0.0000000000000000       0.16666666666666671       0.16666666666666671        0.0000000000000000        0.0000000000000000       0.16666666666666671       0.16666666666666671        0.0000000000000000       0.16666666666666671        0.0000000000000000        0.0000000000000000        0.0000000000000000        0.0000000000000000        0.0000000000000000        0.0000000000000000        0.0000000000000000        0.0000000000000000        0.0000000000000000        0.0000000000000000        0.0000000000000000        0.0000000000000000        0.0000000000000000        0.0000000000000000        0.0000000000000000        0.0000000000000000        0.0000000000000000        0.0000000000000000        0.0000000000000000        0.0000000000000000        0.0000000000000000        0.0000000000000000        0.0000000000000000        0.0000000000000000        0.0000000000000000        0.0000000000000000        0.0000000000000000        0.0000000000000000        0.0000000000000000        0.0000000000000000        0.0000000000000000        0.0000000000000000        0.0000000000000000        0.0000000000000000        0.0000000000000000        0.0000000000000000        0.0000000000000000        0.0000000000000000       0.16666666666666671        0.0000000000000000       0.16666666666666671       0.16666666666666671        0.0000000000000000        0.0000000000000000       0.16666666666666671       0.16666666666666671        0.0000000000000000       0.16666666666666671        0.0000000000000000        0.0000000000000000        0.0000000000000000        0.0000000000000000        0.0000000000000000        0.0000000000000000       0.16666666666666671        0.0000000000000000       0.16666666666666671       0.16666666666666671        0.0000000000000000        0.0000000000000000       0.16666666666666671       0.16666666666666671        0.0000000000000000       0.16666666666666671        0.0000000000000000        0.0000000000000000        0.0000000000000000        0.0000000000000000        0.0000000000000000        0.0000000000000000        0.0000000000000000        0.0000000000000000        0.0000000000000000        0.0000000000000000        0.0000000000000000        0.0000000000000000        0.0000000000000000        0.0000000000000000        0.0000000000000000        0.0000000000000000        0.0000000000000000        0.0000000000000000        0.0000000000000000        0.0000000000000000        0.0000000000000000        0.0000000000000000       0.16666666666666671        0.0000000000000000       0.16666666666666671       0.16666666666666671        0.0000000000000000        0.0000000000000000       0.16666666666666671       0.16666666666666671        0.0000000000000000       0.16666666666666671        0.0000000000000000        0.0000000000000000        0.0000000000000000        0.0000000000000000        0.0000000000000000        0.0000000000000000        0.0000000000000000        0.0000000000000000        0.0000000000000000        0.0000000000000000        0.0000000000000000        0.0000000000000000        0.0000000000000000        0.0000000000000000        0.0000000000000000        0.0000000000000000        0.0000000000000000        0.0000000000000000        0.0000000000000000        0.0000000000000000        0.0000000000000000        0.0000000000000000        0.0000000000000000        0.0000000000000000        0.0000000000000000        0.0000000000000000        0.0000000000000000        0.0000000000000000        0.0000000000000000        0.0000000000000000        0.0000000000000000        0.0000000000000000        0.0000000000000000        0.0000000000000000        0.0000000000000000        0.0000000000000000        0.0000000000000000        0.0000000000000000        0.0000000000000000        0.0000000000000000        0.0000000000000000        0.0000000000000000        0.0000000000000000        0.0000000000000000        0.0000000000000000        0.0000000000000000        0.0000000000000000        0.0000000000000000        0.0000000000000000        0.0000000000000000        0.0000000000000000     
  0.20626606619907026        0.0000000000000000        0.0000000000000000        1.0127037489499868E-002   0.0000000000000000        1.0127037489499868E-002   1.0127037489499868E-002   0.0000000000000000        0.0000000000000000        1.0127037489499864E-002   1.0127037489499868E-002   0.0000000000000000        1.0127037489499864E-002   0.0000000000000000        0.0000000000000000       -2.4766961647874532E-003   0.0000000000000000       0.10296755507531474       0.10296755507531474        0.0000000000000000       0.10296755507531474        0.0000000000000000        0.0000000000000000        4.6712023651467012E-003  0.10296755507531474        0.0000000000000000        0.0000000000000000        4.6712023651467021E-003   0.0000000000000000        4.6712023651467030E-003   4.6712023651467030E-003   0.0000000000000000        0.0000000000000000       0.10296755507531474       0.10296755507531474        0.0000000000000000       0.10296755507531474        0.0000000000000000        0.0000000000000000        4.6712023651467012E-003  0.10296755507531474        0.0000000000000000        0.0000000000000000        4.6712023651467021E-003   0.0000000000000000        4.6712023651467030E-003   4.6712023651467030E-003   0.0000000000000000        1.0127037489499868E-002   0.0000000000000000        0.0000000000000000        6.2053736746598198E-002   0.0000000000000000        6.2053736746598198E-002   6.2053736746598198E-002   0.0000000000000000        0.0000000000000000        6.2053736746598198E-002   6.2053736746598198E-002   0.0000000000000000        6.2053736746598198E-002   0.0000000000000000        0.0000000000000000       -1.2423747217173443E-002   0.0000000000000000       0.10296755507531474       0.10296755507531474        0.0000000000000000       0.10296755507531474        0.0000000000000000        0.0000000000000000        4.6712023651467012E-003  0.10296755507531474        0.0000000000000000        0.0000000000000000        4.6712023651467021E-003   0.0000000000000000        4.6712023651467030E-003   4.6712023651467030E-003   0.0000000000000000        1.0127037489499868E-002   0.0000000000000000        0.0000000000000000        6.2053736746598198E-002   0.0000000000000000        6.2053736746598198E-002   6.2053736746598198E-002   0.0000000000000000        0.0000000000000000        6.2053736746598198E-002   6.2053736746598198E-002   0.0000000000000000        6.2053736746598198E-002   0.0000000000000000        0.0000000000000000       -1.2423747217173443E-002   1.0127037489499868E-002   0.0000000000000000        0.0000000000000000        6.2053736746598198E-002   0.0000000000000000        6.2053736746598198E-002   6.2053736746598198E-002   0.0000000000000000        0.0000000000000000        6.2053736746598198E-002   6.2053736746598198E-002   0.0000000000000000        6.2053736746598198E-002   0.0000000000000000        0.0000000000000000       -1.2423747217173443E-002   0.0000000000000000        4.6712023651467012E-003   4.6712023651467012E-003   0.0000000000000000        4.6712023651467012E-003   0.0000000000000000        0.0000000000000000        1.5472220321867212E-003   4.6712023651467012E-003   0.0000000000000000        0.0000000000000000        1.5472220321867210E-003   0.0000000000000000        1.5472220321867210E-003   1.5472220321867212E-003   0.0000000000000000        0.0000000000000000       0.10296755507531474       0.10296755507531474        0.0000000000000000       0.10296755507531474        0.0000000000000000        0.0000000000000000        4.6712023651467012E-003  0.10296755507531474        0.0000000000000000        0.0000000000000000        4.6712023651467021E-003   0.0000000000000000        4.6712023651467021E-003   4.6712023651467030E-003   0.0000000000000000        1.0127037489499864E-002   0.0000000000000000        0.0000000000000000        6.2053736746598198E-002   0.0000000000000000        6.2053736746598198E-002   6.2053736746598198E-002   0.0000000000000000        0.0000000000000000        6.2053736746598198E-002   6.2053736746598198E-002   0.0000000000000000        6.2053736746598198E-002   0.0000000000000000        0.0000000000000000       -1.2423747217173443E-002   1.0127037489499868E-002   0.0000000000000000        0.0000000000000000        6.2053736746598198E-002   0.0000000000000000        6.2053736746598198E-002   6.2053736746598198E-002   0.0000000000000000        0.0000000000000000        6.2053736746598198E-002   6.2053736746598198E-002   0.0000000000000000        6.2053736746598198E-002   0.0000000000000000        0.0000000000000000       -1.2423747217173443E-002   0.0000000000000000        4.6712023651467021E-003   4.6712023651467021E-003   0.0000000000000000        4.6712023651467021E-003   0.0000000000000000        0.0000000000000000        1.5472220321867210E-003   4.6712023651467021E-003   0.0000000000000000        0.0000000000000000        1.5472220321867210E-003   0.0000000000000000        1.5472220321867210E-003   1.5472220321867212E-003   0.0000000000000000        1.0127037489499864E-002   0.0000000000000000        0.0000000000000000        6.2053736746598198E-002   0.0000000000000000        6.2053736746598198E-002   6.2053736746598198E-002   0.0000000000000000        0.0000000000000000        6.2053736746598198E-002   6.2053736746598198E-002   0.0000000000000000        6.2053736746598198E-002   0.0000000000000000        0.0000000000000000       -1.2423747217173443E-002   0.0000000000000000        4.6712023651467030E-003   4.6712023651467030E-003   0.0000000000000000        4.6712023651467030E-003   0.0000000000000000        0.0000000000000000        1.5472220321867210E-003   4.6712023651467021E-003   0.0000000000000000        0.0000000000000000        1.5472220321867210E-003   0.0000000000000000        1.5472220321867212E-003   1.5472220321867212E-003   0.0000000000000000        0.0000000000000000        4.6712023651467030E-003   4.6712023651467030E-003   0.0000000000000000        4.6712023651467030E-003   0.0000000000000000        0.0000000000000000        1.5472220321867212E-003   4.6712023651467030E-003   0.0000000000000000        0.0000000000000000        1.5472220321867212E-003   0.0000000000000000        1.5472220321867212E-003   1.5472220321867214E-003   0.0000000000000000       -2.4766961647874532E-003   0.0000000000000000        0.0000000000000000       -1.2423747217173443E-002   0.0000000000000000       -1.2423747217173443E-002  -1.2423747217173443E-002   0.0000000000000000        0.0000000000000000       -1.2423747217173443E-002  -1.2423747217173443E-002   0.0000000000000000       -1.2423747217173443E-002   0.0000000000000000        0.0000000000000000        3.3524048913361163E-003
  0.94478656076216827        0.0000000000000000        0.0000000000000000        8.9570708174319964E-003   0.0000000000000000        8.9570708174319877E-003   8.9570708174320016E-003   0.0000000000000000        0.0000000000000000        8.9570708174320102E-003   8.9570708174319998E-003   0.0000000000000000        8.9570708174319998E-003   0.0000000000000000        0.0000000000000000        3.0899141277426637E-003   0.0000000000000000        6.9034182333370586E-003   6.9034182333370586E-003   0.0000000000000000        6.9034182333370586E-003   0.0000000000000000        0.0000000000000000        3.9933467977253513E-004   6.9034182333370586E-003   0.0000000000000000        0.0000000000000000        3.9933467977253513E-004   0.0000000000000000        3.9933467977253464E-004   3.9933467977253486E-004   0.0000000000000000        0.0000000000000000        6.9034182333370586E-003   6.9034182333370595E-003   0.0000000000000000        6.9034182333370595E-003   0.0000000000000000        0.0000000000000000        3.9933467977253519E-004   6.9034182333370586E-003   0.0000000000000000        0.0000000000000000        3.9933467977253519E-004   0.0000000000000000        3.9933467977253464E-004   3.9933467977253492E-004   0.0000000000000000        8.9570708174319964E-003   0.0000000000000000        0.0000000000000000        4.0829951813879991E-003   0.0000000000000000        4.0829951813879991E-003   4.0829951813879991E-003   0.0000000000000000        0.0000000000000000        4.0829951813879982E-003   4.0829951813879982E-003   0.0000000000000000        4.0829951813879991E-003   0.0000000000000000        0.0000000000000000        2.0189436981885981E-003   0.0000000000000000        6.9034182333370586E-003   6.9034182333370595E-003   0.0000000000000000        6.9034182333370603E-003   0.0000000000000000        0.0000000000000000        3.9933467977253519E-004   6.9034182333370586E-003   0.0000000000000000        0.0000000000000000        3.9933467977253519E-004   0.0000000000000000        3.9933467977253464E-004   3.9933467977253492E-004   0.0000000000000000        8.9570708174319877E-003   0.0000000000000000        0.0000000000000000        4.0829951813879991E-003   0.0000000000000000        4.0829951813879991E-003   4.0829951813879991E-003   0.0000000000000000        0.0000000000000000        4.0829951813879991E-003   4.0829951813879991E-003   0.0000000000000000        4.0829951813879991E-003   0.0000000000000000        0.0000000000000000        2.0189436981885981E-003   8.9570708174320016E-003   0.0000000000000000        0.0000000000000000        4.0829951813879991E-003   0.0000000000000000        4.0829951813879991E-003   4.0829951813879991E-003   0.0000000000000000        0.0000000000000000        4.0829951813879991E-003   4.0829951813879991E-003   0.0000000000000000        4.0829951813879991E-003   0.0000000000000000        0.0000000000000000        2.0189436981885981E-003   0.0000000000000000        3.9933467977253513E-004   3.9933467977253519E-004   0.0000000000000000        3.9933467977253519E-004   0.0000000000000000        0.0000000000000000        2.1224803879703246E-004   3.9933467977253524E-004   0.0000000000000000        0.0000000000000000        2.1224803879703251E-004   0.0000000000000000        2.1224803879703232E-004   2.1224803879703235E-004   0.0000000000000000        0.0000000000000000        6.9034182333370586E-003   6.9034182333370586E-003   0.0000000000000000        6.9034182333370586E-003   0.0000000000000000        0.0000000000000000        3.9933467977253524E-004   6.9034182333370568E-003   0.0000000000000000        0.0000000000000000        3.9933467977253524E-004   0.0000000000000000        3.9933467977253475E-004   3.9933467977253497E-004   0.0000000000000000        8.9570708174320102E-003   0.0000000000000000        0.0000000000000000        4.0829951813879982E-003   0.0000000000000000        4.0829951813879991E-003   4.0829951813879991E-003   0.0000000000000000        0.0000000000000000        4.0829951813879982E-003   4.0829951813879982E-003   0.0000000000000000        4.0829951813879982E-003   0.0000000000000000        0.0000000000000000        2.0189436981885977E-003   8.9570708174319998E-003   0.0000000000000000        0.0000000000000000        4.0829951813879982E-003   0.0000000000000000        4.0829951813879991E-003   4.0829951813879991E-003   0.0000000000000000        0.0000000000000000        4.0829951813879982E-003   4.0829951813879982E-003   0.0000000000000000        4.0829951813879982E-003   0.0000000000000000        0.0000000000000000        2.0189436981885973E-003   0.0000000000000000        3.9933467977253513E-004   3.9933467977253519E-004   0.0000000000000000        3.9933467977253519E-004   0.0000000000000000        0.0000000000000000        2.1224803879703251E-004   3.9933467977253524E-004   0.0000000000000000        0.0000000000000000        2.1224803879703257E-004   0.0000000000000000        2.1224803879703240E-004   2.1224803879703243E-004   0.0000000000000000        8.9570708174319998E-003   0.0000000000000000        0.0000000000000000        4.0829951813879991E-003   0.0000000000000000        4.0829951813879991E-003   4.0829951813879991E-003   0.0000000000000000        0.0000000000000000        4.0829951813879982E-003   4.0829951813879982E-003   0.0000000000000000        4.0829951813879982E-003   0.0000000000000000        0.0000000000000000        2.0189436981885977E-003   0.0000000000000000        3.9933467977253464E-004   3.9933467977253464E-004   0.0000000000000000        3.9933467977253464E-004   0.0000000000000000        0.0000000000000000        2.1224803879703232E-004   3.9933467977253475E-004   0.0000000000000000        0.0000000000000000        2.1224803879703240E-004   0.0000000000000000        2.1224803879703219E-004   2.1224803879703224E-004   0.0000000000000000        0.0000000000000000        3.9933467977253486E-004   3.9933467977253492E-004   0.0000000000000000        3.9933467977253492E-004   0.0000000000000000        0.0000000000000000        2.1224803879703235E-004   3.9933467977253497E-004   0.0000000000000000        0.0000000000000000        2.1224803879703243E-004   0.0000000000000000        2.1224803879703224E-004   2.1224803879703224E-004   0.0000000000000000        3.0899141277426637E-003   0.0000000000000000        0.0000000000000000        2.0189436981885981E-003   0.0000000000000000        2.0189436981885981E-003   2.0189436981885981E-003   0.0000000000000000        0.0000000000000000        2.0189436981885977E-003   2.0189436981885973E-003   0.0000000000000000        2.0189436981885977E-003   0.0000000000000000        0.0000000000000000        2.2528030609671240E-003
  0.32727522414058402        0.0000000000000000        0.0000000000000000       -1.0553281010993688E-002   0.0000000000000000       -1.0553281010993679E-002  -1.0553281010993678E-002   0.0000000000000000        0.0000000000000000       -1.0553281010993681E-002  -1.0553281010993679E-002   0.0000000000000000       -1.0553281010993681E-002   0.0000000000000000        0.0000000000000000       -3.8804746745088720E-003   0.0000000000000000       0.10270623454826407       0.10270623454826407        0.0000000000000000       0.10270623454826407        0.0000000000000000        0.0000000000000000       -1.0497849138663629E-002  0.10270623454826407        0.0000000000000000        0.0000000000000000       -1.0497849138663631E-002   0.0000000000000000       -1.0497849138663628E-002  -1.0497849138663624E-002   0.0000000000000000        0.0000000000000000       0.10270623454826407       0.10270623454826407        0.0000000000000000       0.10270623454826407        0.0000000000000000        0.0000000000000000       -1.0497849138663629E-002  0.10270623454826407        0.0000000000000000        0.0000000000000000       -1.0497849138663631E-002   0.0000000000000000       -1.0497849138663628E-002  -1.0497849138663624E-002   0.0000000000000000       -1.0553281010993688E-002   0.0000000000000000        0.0000000000000000        4.1272125256532365E-002   0.0000000000000000        4.1272125256532365E-002   4.1272125256532358E-002   0.0000000000000000        0.0000000000000000        4.1272125256532365E-002   4.1272125256532365E-002   0.0000000000000000        4.1272125256532365E-002   0.0000000000000000        0.0000000000000000       -2.2810971980498540E-003   0.0000000000000000       0.10270623454826407       0.10270623454826407        0.0000000000000000       0.10270623454826407        0.0000000000000000        0.0000000000000000       -1.0497849138663629E-002  0.10270623454826407        0.0000000000000000        0.0000000000000000       -1.0497849138663631E-002   0.0000000000000000       -1.0497849138663628E-002  -1.0497849138663624E-002   0.0000000000000000       -1.0553281010993679E-002   0.0000000000000000        0.0000000000000000        4.1272125256532365E-002   0.0000000000000000        4.1272125256532365E-002   4.1272125256532365E-002   0.0000000000000000        0.0000000000000000        4.1272125256532365E-002   4.1272125256532365E-002   0.0000000000000000        4.1272125256532365E-002   0.0000000000000000        0.0000000000000000       -2.2810971980498545E-003  -1.0553281010993678E-002   0.0000000000000000        0.0000000000000000        4.1272125256532358E-002   0.0000000000000000        4.1272125256532365E-002   4.1272125256532365E-002   0.0000000000000000        0.0000000000000000        4.1272125256532358E-002   4.1272125256532365E-002   0.0000000000000000        4.1272125256532365E-002   0.0000000000000000        0.0000000000000000       -2.2810971980498545E-003   0.0000000000000000       -1.0497849138663629E-002  -1.0497849138663629E-002   0.0000000000000000       -1.0497849138663629E-002   0.0000000000000000        0.0000000000000000        3.4576984306217509E-003  -1.0497849138663629E-002   0.0000000000000000        0.0000000000000000        3.4576984306217509E-003   0.0000000000000000        3.4576984306217500E-003   3.4576984306217509E-003   0.0000000000000000        0.0000000000000000       0.10270623454826407       0.10270623454826407        0.0000000000000000       0.10270623454826407        0.0000000000000000        0.0000000000000000       -1.0497849138663629E-002  0.10270623454826407        0.0000000000000000        0.0000000000000000       -1.0497849138663631E-002   0.0000000000000000       -1.0497849138663628E-002  -1.0497849138663624E-002   0.0000000000000000       -1.0553281010993681E-002   0.0000000000000000        0.0000000000000000        4.1272125256532365E-002   0.0000000000000000        4.1272125256532365E-002   4.1272125256532358E-002   0.0000000000000000        0.0000000000000000        4.1272125256532365E-002   4.1272125256532365E-002   0.0000000000000000        4.1272125256532365E-002   0.0000000000000000        0.0000000000000000       -2.2810971980498545E-003  -1.0553281010993679E-002   0.0000000000000000        0.0000000000000000        4.1272125256532365E-002   0.0000000000000000        4.1272125256532365E-002   4.1272125256532365E-002   0.0000000000000000        0.0000000000000000        4.1272125256532365E-002   4.1272125256532365E-002   0.0000000000000000        4.1272125256532365E-002   0.0000000000000000        0.0000000000000000       -2.2810971980498545E-003   0.0000000000000000       -1.0497849138663631E-002  -1.0497849138663631E-002   0.0000000000000000       -1.0497849138663631E-002   0.0000000000000000        0.0000000000000000        3.4576984306217509E-003  -1.0497849138663631E-002   0.0000000000000000        0.0000000000000000        3.4576984306217509E-003   0.0000000000000000        3.4576984306217500E-003   3.4576984306217509E-003   0.0000000000000000       -1.0553281010993681E-002   0.0000000000000000        0.0000000000000000        4.1272125256532365E-002   0.0000000000000000        4.1272125256532365E-002   4.1272125256532365E-002   0.0000000000000000        0.0000000000000000        4.1272125256532365E-002   4.1272125256532365E-002   0.0000000000000000        4.1272125256532365E-002   0.0000000000000000        0.0000000000000000       -2.2810971980498545E-003   0.0000000000000000       -1.0497849138663628E-002  -1.0497849138663628E-002   0.0000000000000000       -1.0497849138663628E-002   0.0000000000000000        0.0000000000000000        3.4576984306217500E-003  -1.0497849138663628E-002   0.0000000000000000        0.0000000000000000        3.4576984306217500E-003   0.0000000000000000        3.4576984306217491E-003   3.4576984306217500E-003   0.0000000000000000        0.0000000000000000       -1.0497849138663624E-002  -1.0497849138663624E-002   0.0000000000000000       -1.0497849138663624E-002   0.0000000000000000        0.0000000000000000        3.4576984306217509E-003  -1.0497849138663624E-002   0.0000000000000000        0.0000000000000000        3.4576984306217509E-003   0.0000000000000000        3.4576984306217500E-003   3.4576984306217509E-003   0.0000000000000000       -3.8804746745088720E-003   0.0000000000000000        0.0000000000000000       -2.2810971980498540E-003   0.0000000000000000       -2.2810971980498545E-003  -2.2810971980498545E-003   0.0000000000000000        0.0000000000000000       -2.2810971980498545E-003  -2.2810971980498545E-003   0.0000000000000000       -2.2810971980498545E-003   0.0000000000000000        0.0000000000000000        4.3629240467846106E-004
   2.8072300874743888E-003   0.0000000000000000        0.0000000000000000        6.2301094372141082E-005   0.0000000000000000        6.2301094372141258E-005   6.2301094372141028E-005   0.0000000000000000        0.0000000000000000        6.2301094372140431E-005   6.2301094372140255E-005   0.0000000000000000        6.2301094372141312E-005   0.0000000000000000        0.0000000000000000        1.0185662037983821E-003   0.0000000000000000        7.0609814505536691E-003   7.0609814505536691E-003   0.0000000000000000        7.0609814505536691E-003   0.0000000000000000        0.0000000000000000        4.6166539624552017E-004   7.0609814505536691E-003   0.0000000000000000        0.0000000000000000        4.6166539624552022E-004   0.0000000000000000        4.6166539624552071E-004   4.6166539624551979E-004   0.0000000000000000        0.0000000000000000        7.0609814505536691E-003   7.0609814505536699E-003   0.0000000000000000        7.0609814505536691E-003   0.0000000000000000        0.0000000000000000        4.6166539624552017E-004   7.0609814505536691E-003   0.0000000000000000        0.0000000000000000        4.6166539624552017E-004   0.0000000000000000        4.6166539624552065E-004   4.6166539624551973E-004   0.0000000000000000        6.2301094372141082E-005   0.0000000000000000        0.0000000000000000       0.15657371617279173        0.0000000000000000       0.15657371617279173       0.15657371617279173        0.0000000000000000        0.0000000000000000       0.15657371617279173       0.15657371617279173        0.0000000000000000       0.15657371617279173        0.0000000000000000        0.0000000000000000        1.6354850536126501E-002   0.0000000000000000        7.0609814505536691E-003   7.0609814505536691E-003   0.0000000000000000        7.0609814505536691E-003   0.0000000000000000        0.0000000000000000        4.6166539624552006E-004   7.0609814505536691E-003   0.0000000000000000        0.0000000000000000        4.6166539624552011E-004   0.0000000000000000        4.6166539624552060E-004   4.6166539624551968E-004   0.0000000000000000        6.2301094372141258E-005   0.0000000000000000        0.0000000000000000       0.15657371617279173        0.0000000000000000       0.15657371617279173       0.15657371617279173        0.0000000000000000        0.0000000000000000       0.15657371617279173       0.15657371617279173        0.0000000000000000       0.15657371617279173        0.0000000000000000        0.0000000000000000        1.6354850536126501E-002   6.2301094372141028E-005   0.0000000000000000        0.0000000000000000       0.15657371617279173        0.0000000000000000       0.15657371617279173       0.15657371617279173        0.0000000000000000        0.0000000000000000       0.15657371617279173       0.15657371617279173        0.0000000000000000       0.15657371617279173        0.0000000000000000        0.0000000000000000        1.6354850536126501E-002   0.0000000000000000        4.6166539624552017E-004   4.6166539624552017E-004   0.0000000000000000        4.6166539624552006E-004   0.0000000000000000        0.0000000000000000        5.7218925462758233E-003   4.6166539624552017E-004   0.0000000000000000        0.0000000000000000        5.7218925462758233E-003   0.0000000000000000        5.7218925462758250E-003   5.7218925462758233E-003   0.0000000000000000        0.0000000000000000        7.0609814505536691E-003   7.0609814505536691E-003   0.0000000000000000        7.0609814505536691E-003   0.0000000000000000        0.0000000000000000        4.6166539624552017E-004   7.0609814505536691E-003   0.0000000000000000        0.0000000000000000        4.6166539624552017E-004   0.0000000000000000        4.6166539624552065E-004   4.6166539624551973E-004   0.0000000000000000        6.2301094372140431E-005   0.0000000000000000        0.0000000000000000       0.15657371617279173        0.0000000000000000       0.15657371617279173       0.15657371617279173        0.0000000000000000        0.0000000000000000       0.15657371617279173       0.15657371617279173        0.0000000000000000       0.15657371617279173        0.0000000000000000        0.0000000000000000        1.6354850536126501E-002   6.2301094372140255E-005   0.0000000000000000        0.0000000000000000       0.15657371617279173        0.0000000000000000       0.15657371617279173       0.15657371617279173        0.0000000000000000        0.0000000000000000       0.15657371617279173       0.15657371617279173        0.0000000000000000       0.15657371617279173        0.0000000000000000        0.0000000000000000        1.6354850536126501E-002   0.0000000000000000        4.6166539624552022E-004   4.6166539624552017E-004   0.0000000000000000        4.6166539624552011E-004   0.0000000000000000        0.0000000000000000        5.7218925462758233E-003   4.6166539624552017E-004   0.0000000000000000        0.0000000000000000        5.7218925462758233E-003   0.0000000000000000        5.7218925462758250E-003   5.7218925462758233E-003   0.0000000000000000        6.2301094372141312E-005   0.0000000000000000        0.0000000000000000       0.15657371617279173        0.0000000000000000       0.15657371617279173       0.15657371617279173        0.0000000000000000        0.0000000000000000       0.15657371617279173       0.15657371617279173        0.0000000000000000       0.15657371617279173        0.0000000000000000        0.0000000000000000        1.6354850536126501E-002   0.0000000000000000        4.6166539624552071E-004   4.6166539624552065E-004   0.0000000000000000        4.6166539624552060E-004   0.0000000000000000        0.0000000000000000        5.7218925462758250E-003   4.6166539624552065E-004   0.0000000000000000        0.0000000000000000        5.7218925462758250E-003   0.0000000000000000        5.7218925462758276E-003   5.7218925462758259E-003   0.0000000000000000        0.0000000000000000        4.6166539624551979E-004   4.6166539624551973E-004   0.0000000000000000        4.6166539624551968E-004   0.0000000000000000        0.0000000000000000        5.7218925462758233E-003   4.6166539624551973E-004   0.0000000000000000        0.0000000000000000        5.7218925462758233E-003   0.0000000000000000        5.7218925462758259E-003   5.7218925462758233E-003   0.0000000000000000        1.0185662037983821E-003   0.0000000000000000        0.0000000000000000        1.6354850536126501E-002   0.0000000000000000        1.6354850536126501E-002   1.6354850536126501E-002   0.0000000000000000        0.0000000000000000        1.6354850536126501E-002   1.6354850536126501E-002   0.0000000000000000        1.6354850536126501E-002   0.0000000000000000        0.0000000000000000        6.6189768884569386E-003
  0.11624570984119600        0.0000000000000000        0.0000000000000000       -1.0674748097294173E-003   0.0000000000000000       -1.0674748097294219E-003  -1.0674748097294141E-003   0.0000000000000000        0.0000000000000000       -1.0674748097294199E-003  -1.0674748097294266E-003   0.0000000000000000       -1.0674748097294279E-003   0.0000000000000000        0.0000000000000000       -4.7452285166892406E-003   0.0000000000000000        9.2099010254477406E-002   9.2099010254477406E-002   0.0000000000000000        9.2099010254477406E-002   0.0000000000000000        0.0000000000000000        1.0452907511000137E-002   9.2099010254477406E-002   0.0000000000000000        0.0000000000000000        1.0452907511000137E-002   0.0000000000000000        1.0452907511000130E-002   1.0452907511000139E-002   0.0000000000000000        0.0000000000000000        9.2099010254477406E-002   9.2099010254477406E-002   0.0000000000000000        9.2099010254477406E-002   0.0000000000000000        0.0000000000000000        1.0452907511000135E-002   9.2099010254477406E-002   0.0000000000000000        0.0000000000000000        1.0452907511000137E-002   0.0000000000000000        1.0452907511000130E-002   1.0452907511000139E-002   0.0000000000000000       -1.0674748097294173E-003   0.0000000000000000        0.0000000000000000        8.0605611965570950E-002   0.0000000000000000        8.0605611965570950E-002   8.0605611965570950E-002   0.0000000000000000        0.0000000000000000        8.0605611965570950E-002   8.0605611965570950E-002   0.0000000000000000        8.0605611965570950E-002   0.0000000000000000        0.0000000000000000        1.3689113669309800E-002   0.0000000000000000        9.2099010254477406E-002   9.2099010254477406E-002   0.0000000000000000        9.2099010254477406E-002   0.0000000000000000        0.0000000000000000        1.0452907511000137E-002   9.2099010254477406E-002   0.0000000000000000        0.0000000000000000        1.0452907511000137E-002   0.0000000000000000        1.0452907511000130E-002   1.0452907511000139E-002   0.0000000000000000       -1.0674748097294219E-003   0.0000000000000000        0.0000000000000000        8.0605611965570950E-002   0.0000000000000000        8.0605611965570950E-002   8.0605611965570950E-002   0.0000000000000000        0.0000000000000000        8.0605611965570950E-002   8.0605611965570950E-002   0.0000000000000000        8.0605611965570950E-002   0.0000000000000000        0.0000000000000000        1.3689113669309800E-002  -1.0674748097294141E-003   0.0000000000000000        0.0000000000000000        8.0605611965570950E-002   0.0000000000000000        8.0605611965570950E-002   8.0605611965570950E-002   0.0000000000000000        0.0000000000000000        8.0605611965570950E-002   8.0605611965570950E-002   0.0000000000000000        8.0605611965570950E-002   0.0000000000000000        0.0000000000000000        1.3689113669309798E-002   0.0000000000000000        1.0452907511000137E-002   1.0452907511000135E-002   0.0000000000000000        1.0452907511000137E-002   0.0000000000000000        0.0000000000000000        7.1523390558593794E-003   1.0452907511000137E-002   0.0000000000000000        0.0000000000000000        7.1523390558593820E-003   0.0000000000000000        7.1523390558593802E-003   7.1523390558593846E-003   0.0000000000000000        0.0000000000000000        9.2099010254477406E-002   9.2099010254477406E-002   0.0000000000000000        9.2099010254477406E-002   0.0000000000000000        0.0000000000000000        1.0452907511000137E-002   9.2099010254477406E-002   0.0000000000000000        0.0000000000000000        1.0452907511000139E-002   0.0000000000000000        1.0452907511000130E-002   1.0452907511000139E-002   0.0000000000000000       -1.0674748097294199E-003   0.0000000000000000        0.0000000000000000        8.0605611965570950E-002   0.0000000000000000        8.0605611965570950E-002   8.0605611965570950E-002   0.0000000000000000        0.0000000000000000        8.0605611965570950E-002   8.0605611965570950E-002   0.0000000000000000        8.0605611965570950E-002   0.0000000000000000        0.0000000000000000        1.3689113669309800E-002  -1.0674748097294266E-003   0.0000000000000000        0.0000000000000000        8.0605611965570950E-002   0.0000000000000000        8.0605611965570950E-002   8.0605611965570950E-002   0.0000000000000000        0.0000000000000000        8.0605611965570950E-002   8.0605611965570950E-002   0.0000000000000000        8.0605611965570950E-002   0.0000000000000000        0.0000000000000000        1.3689113669309800E-002   0.0000000000000000        1.0452907511000137E-002   1.0452907511000137E-002   0.0000000000000000        1.0452907511000137E-002   0.0000000000000000        0.0000000000000000        7.1523390558593820E-003   1.0452907511000139E-002   0.0000000000000000        0.0000000000000000        7.1523390558593846E-003   0.0000000000000000        7.1523390558593820E-003   7.1523390558593872E-003   0.0000000000000000       -1.0674748097294279E-003   0.0000000000000000        0.0000000000000000        8.0605611965570950E-002   0.0000000000000000        8.0605611965570950E-002   8.0605611965570950E-002   0.0000000000000000        0.0000000000000000        8.0605611965570950E-002   8.0605611965570950E-002   0.0000000000000000        8.0605611965570950E-002   0.0000000000000000        0.0000000000000000        1.3689113669309800E-002   0.0000000000000000        1.0452907511000130E-002   1.0452907511000130E-002   0.0000000000000000        1.0452907511000130E-002   0.0000000000000000        0.0000000000000000        7.1523390558593802E-003   1.0452907511000130E-002   0.0000000000000000        0.0000000000000000        7.1523390558593820E-003   0.0000000000000000        7.1523390558593811E-003   7.1523390558593854E-003   0.0000000000000000        0.0000000000000000        1.0452907511000139E-002   1.0452907511000139E-002   0.0000000000000000        1.0452907511000139E-002   0.0000000000000000        0.0000000000000000        7.1523390558593846E-003   1.0452907511000139E-002   0.0000000000000000        0.0000000000000000        7.1523390558593872E-003   0.0000000000000000        7.1523390558593854E-003   7.1523390558593898E-003   0.0000000000000000       -4.7452285166892406E-003   0.0000000000000000        0.0000000000000000        1.3689113669309800E-002   0.0000000000000000        1.3689113669309800E-002   1.3689113669309798E-002   0.0000000000000000        0.0000000000000000        1.3689113669309800E-002   1.3689113669309800E-002   0.0000000000000000        1.3689113669309800E-002   0.0000000000000000        0.0000000000000000        3.1152211240321097E-003
