   0.0000000000000000        0.0000000000000000        0.0000000000000000        0.0000000000000000        0.0000000000000000        0.0000000000000000        0.0000000000000000        0.0000000000000000        0.0000000000000000        0.0000000000000000        0.0000000000000000        0.0000000000000000        0.0000000000000000        0.0000000000000000        0.0000000000000000        0.0000000000000000        0.0000000000000000        0.0000000000000000        0.0000000000000000        0.0000000000000000        0.0000000000000000        0.0000000000000000        0.0000000000000000        0.0000000000000000        0.0000000000000000        0.0000000000000000        0.0000000000000000        0.0000000000000000        0.0000000000000000        0.0000000000000000        0.0000000000000000        0.0000000000000000        0.0000000000000000        0.0000000000000000        0.0000000000000000        0.0000000000000000        0.0000000000000000        0.0000000000000000        0.0000000000000000        0.0000000000000000        0.0000000000000000        0.0000000000000000        0.0000000000000000        0.0000000000000000        0.0000000000000000        0.0000000000000000        0.0000000000000000        0.0000000000000000        0.0000000000000000        0.0000000000000000        0.0000000000000000        0.0000000000000000        0.0000000000000000        0.0000000000000000        0.0000000000000000        0.0000000000000000        0.0000000000000000        0.0000000000000000        0.0000000000000000        0.0000000000000000        0.0000000000000000        0.0000000000000000        0.0000000000000000        0.0000000000000000        0.0000000000000000        0.0000000000000000        0.0000000000000000        0.0000000000000000        0.0000000000000000        0.0000000000000000        0.0000000000000000        0.0000000000000000        0.0000000000000000        0.0000000000000000        0.0000000000000000        0.0000000000000000        0.0000000000000000        0.0000000000000000        0.0000000000000000        0.0000000000000000        0.0000000000000000        0.0000000000000000        0.0000000000000000        0.0000000000000000        0.0000000000000000        0.0000000000000000        0.0000000000000000        0.0000000000000000        0.0000000000000000        0.0000000000000000        0.0000000000000000        0.0000000000000000        0.0000000000000000        0.0000000000000000        0.0000000000000000        0.0000000000000000        0.0000000000000000        0.0000000000000000        0.0000000000000000        0.0000000000000000        0.0000000000000000        0.0000000000000000        0.0000000000000000        0.0000000000000000        0.0000000000000000        0.0000000000000000        0.0000000000000000        0.0000000000000000        0.0000000000000000        0.0000000000000000        0.0000000000000000        0.0000000000000000        0.0000000000000000        0.0000000000000000        0.0000000000000000        0.0000000000000000        0.0000000000000000        0.0000000000000000        0.0000000000000000        0.0000000000000000        0.0000000000000000        0.0000000000000000        0.0000000000000000        0.0000000000000000        0.0000000000000000        0.0000000000000000        0.0000000000000000        0.0000000000000000        0.0000000000000000        0.0000000000000000        0.0000000000000000        0.0000000000000000        0.0000000000000000        0.0000000000000000        0.0000000000000000        0.0000000000000000        0.0000000000000000        0.0000000000000000        0.0000000000000000        0.0000000000000000        0.0000000000000000        0.0000000000000000        0.0000000000000000        0.0000000000000000        0.0000000000000000        0.0000000000000000        0.0000000000000000        0.0000000000000000        0.0000000000000000        0.0000000000000000        0.0000000000000000        0.0000000000000000        0.0000000000000000        0.0000000000000000        0.0000000000000000        0.0000000000000000        0.0000000000000000        0.0000000000000000        0.0000000000000000        0.0000000000000000        0.0000000000000000        0.0000000000000000        0.0000000000000000        0.0000000000000000        0.0000000000000000        0.0000000000000000        0.0000000000000000        0.0000000000000000        0.0000000000000000        0.0000000000000000        0.0000000000000000        0.0000000000000000        0.0000000000000000        0.0000000000000000        0.0000000000000000        0.0000000000000000        0.0000000000000000        0.0000000000000000        0.0000000000000000        0.0000000000000000        0.0000000000000000        0.0000000000000000        0.0000000000000000        0.0000000000000000        0.0000000000000000        0.0000000000000000        0.0000000000000000        0.0000000000000000        0.0000000000000000        0.0000000000000000        0.0000000000000000        0.0000000000000000        0.0000000000000000        0.0000000000000000        0.0000000000000000        0.0000000000000000        0.0000000000000000        0.0000000000000000        0.0000000000000000        0.0000000000000000        0.0000000000000000        0.0000000000000000        0.0000000000000000        0.0000000000000000        0.0000000000000000        0.0000000000000000        0.0000000000000000        0.0000000000000000        0.0000000000000000        0.0000000000000000        0.0000000000000000        0.0000000000000000        0.0000000000000000        0.0000000000000000        0.0000000000000000        0.0000000000000000        0.0000000000000000        0.0000000000000000        0.0000000000000000        0.0000000000000000        0.0000000000000000        0.0000000000000000        0.0000000000000000        0.0000000000000000        0.0000000000000000        0.0000000000000000        0.0000000000000000        0.0000000000000000        0.0000000000000000        0.0000000000000000        0.0000000000000000        0.0000000000000000        0.0000000000000000        0.0000000000000000        0.0000000000000000        0.0000000000000000        0.0000000000000000        0.0000000000000000        0.0000000000000000        0.0000000000000000        0.0000000000000000        0.0000000000000000        0.0000000000000000        0.0000000000000000        0.0000000000000000        0.0000000000000000        0.0000000000000000        0.0000000000000000        0.0000000000000000        0.0000000000000000        0.0000000000000000        0.0000000000000000        0.0000000000000000        0.0000000000000000        0.0000000000000000        0.0000000000000000     
   0.0000000000000000        0.0000000000000000        0.0000000000000000       -9.7973546739484382E-003   0.0000000000000000       -9.7973546739484382E-003  -9.7973546739484382E-003   0.0000000000000000        0.0000000000000000       -9.7973546739484347E-003  -9.7973546739484382E-003   0.0000000000000000       -9.7973546739484347E-003   0.0000000000000000        0.0000000000000000       -5.5573177447229795E-003   0.0000000000000000        0.0000000000000000        4.2371936098008231E-021   0.0000000000000000       -8.4540556911154029E-022   0.0000000000000000        0.0000000000000000       -1.1690153244407111E-002   3.4686002824603224E-018   0.0000000000000000        0.0000000000000000       -1.1690153244407111E-002   0.0000000000000000       -1.1690153244407111E-002  -1.1690153244407111E-002   0.0000000000000000        0.0000000000000000       -4.2371936098008231E-021   0.0000000000000000        0.0000000000000000       -5.9296321009230186E-021   0.0000000000000000        0.0000000000000000       -1.1690153244407111E-002   3.4643630630263708E-018   0.0000000000000000        0.0000000000000000       -1.1690153244407111E-002   0.0000000000000000       -1.1690153244407111E-002  -1.1690153244407111E-002   0.0000000000000000        9.7973546739484382E-003   0.0000000000000000        0.0000000000000000        0.0000000000000000        0.0000000000000000       -6.7761860265732953E-021  -3.4938875165577605E-021   0.0000000000000000        0.0000000000000000       -2.2022880532841162E-019   5.2918610839016583E-023   0.0000000000000000       -2.1689340997241546E-019   0.0000000000000000        0.0000000000000000        5.5653319388410775E-003   0.0000000000000000        8.4540556911154029E-022   5.9296321009230186E-021   0.0000000000000000        0.0000000000000000        0.0000000000000000        0.0000000000000000       -1.1690153244407111E-002   3.4694457009540321E-018   0.0000000000000000        0.0000000000000000       -1.1690153244407111E-002   0.0000000000000000       -1.1690153244407111E-002  -1.1690153244407111E-002   0.0000000000000000        9.7973546739484382E-003   0.0000000000000000        0.0000000000000000        6.7761860265732953E-021   0.0000000000000000        0.0000000000000000        6.6969016942215677E-021   0.0000000000000000        0.0000000000000000       -2.1006448670502755E-019   1.0190767454621383E-020   0.0000000000000000       -2.1014369291765032E-019   0.0000000000000000        0.0000000000000000        5.5653319388410775E-003   9.7973546739484382E-003   0.0000000000000000        0.0000000000000000        3.4938875165577605E-021   0.0000000000000000       -6.6969016942215677E-021   0.0000000000000000        0.0000000000000000        0.0000000000000000       -2.1673491841769904E-019   3.5203365501379024E-021   0.0000000000000000       -2.1339952326365127E-019   0.0000000000000000        0.0000000000000000        5.5653319388410775E-003   0.0000000000000000        1.1690153244407111E-002   1.1690153244407111E-002   0.0000000000000000        1.1690153244407111E-002   0.0000000000000000        0.0000000000000000        0.0000000000000000        1.1690153244407111E-002   0.0000000000000000        0.0000000000000000        7.0293718219686477E-021   0.0000000000000000        2.1674861105748277E-019   2.1071433241387046E-019   0.0000000000000000        0.0000000000000000       -3.4686002824603224E-018  -3.4643630630263708E-018   0.0000000000000000       -3.4694457009540321E-018   0.0000000000000000        0.0000000000000000       -1.1690153244407111E-002   0.0000000000000000        0.0000000000000000        0.0000000000000000       -1.1690153244407111E-002   0.0000000000000000       -1.1690153244407111E-002  -1.1690153244407111E-002   0.0000000000000000        9.7973546739484347E-003   0.0000000000000000        0.0000000000000000        2.2022880532841162E-019   0.0000000000000000        2.1006448670502755E-019   2.1673491841769904E-019   0.0000000000000000        0.0000000000000000        0.0000000000000000        2.2025525476549412E-019   0.0000000000000000        3.3089253744460618E-021   0.0000000000000000        0.0000000000000000        5.5653319388410784E-003   9.7973546739484382E-003   0.0000000000000000        0.0000000000000000       -5.2918610839016583E-023   0.0000000000000000       -1.0190767454621383E-020  -3.5203365501379024E-021   0.0000000000000000        0.0000000000000000       -2.2025525476549412E-019   0.0000000000000000        0.0000000000000000       -2.1694632878559885E-019   0.0000000000000000        0.0000000000000000        5.5653319388410775E-003   0.0000000000000000        1.1690153244407111E-002   1.1690153244407111E-002   0.0000000000000000        1.1690153244407111E-002   0.0000000000000000        0.0000000000000000       -7.0293718219686477E-021   1.1690153244407111E-002   0.0000000000000000        0.0000000000000000        0.0000000000000000        0.0000000000000000        2.0971923918502554E-019   2.0368413341128922E-019   0.0000000000000000        9.7973546739484347E-003   0.0000000000000000        0.0000000000000000        2.1689340997241546E-019   0.0000000000000000        2.1014369291765032E-019   2.1339952326365127E-019   0.0000000000000000        0.0000000000000000       -3.3089253744460618E-021   2.1694632878559885E-019   0.0000000000000000        0.0000000000000000        0.0000000000000000        0.0000000000000000        5.5653319388410784E-003   0.0000000000000000        1.1690153244407111E-002   1.1690153244407111E-002   0.0000000000000000        1.1690153244407111E-002   0.0000000000000000        0.0000000000000000       -2.1674861105748277E-019   1.1690153244407111E-002   0.0000000000000000        0.0000000000000000       -2.0971923918502554E-019   0.0000000000000000        0.0000000000000000       -6.0351057989798700E-021   0.0000000000000000        0.0000000000000000        1.1690153244407111E-002   1.1690153244407111E-002   0.0000000000000000        1.1690153244407111E-002   0.0000000000000000        0.0000000000000000       -2.1071433241387046E-019   1.1690153244407111E-002   0.0000000000000000        0.0000000000000000       -2.0368413341128922E-019   0.0000000000000000        6.0351057989798700E-021   0.0000000000000000        0.0000000000000000        5.5573177447229795E-003   0.0000000000000000        0.0000000000000000       -5.5653319388410775E-003   0.0000000000000000       -5.5653319388410775E-003  -5.5653319388410775E-003   0.0000000000000000        0.0000000000000000       -5.5653319388410784E-003  -5.5653319388410775E-003   0.0000000000000000       -5.5653319388410784E-003   0.0000000000000000        0.0000000000000000        0.0000000000000000     
   0.0000000000000000        0.0000000000000000        0.0000000000000000       -3.7819098319718859E-003   0.0000000000000000       -3.7819098319718768E-003  -3.7819098319718772E-003   0.0000000000000000        0.0000000000000000       -3.7819098319718902E-003  -3.7819098319718846E-003   0.0000000000000000       -3.7819098319718867E-003   0.0000000000000000        0.0000000000000000       -2.5832628261123346E-003   0.0000000000000000        0.0000000000000000       -5.1152193428470398E-019   0.0000000000000000       -8.6824988834516571E-021   0.0000000000000000        0.0000000000000000        7.2678688283767915E-004   6.9879350155728152E-019   0.0000000000000000        0.0000000000000000        7.2678688283767915E-004   0.0000000000000000        7.2678688283767839E-004   7.2678688283767893E-004   0.0000000000000000        0.0000000000000000        5.1152193428470398E-019   0.0000000000000000        0.0000000000000000        5.0283943540115375E-019   0.0000000000000000        0.0000000000000000        7.2678688283767915E-004   1.2138094467493107E-018   0.0000000000000000        0.0000000000000000        7.2678688283767915E-004   0.0000000000000000        7.2678688283767849E-004   7.2678688283767893E-004   0.0000000000000000        3.7819098319718859E-003   0.0000000000000000        0.0000000000000000        0.0000000000000000        0.0000000000000000        2.6256401448499317E-019   3.3945848335270433E-019   0.0000000000000000        0.0000000000000000       -8.4581508972939548E-019  -8.1410120004637506E-019   0.0000000000000000       -6.4541233647790784E-019   0.0000000000000000        0.0000000000000000        2.2114858773965825E-003   0.0000000000000000        8.6824988834516571E-021  -5.0283943540115375E-019   0.0000000000000000        0.0000000000000000        0.0000000000000000        0.0000000000000000        7.2678688283767915E-004   7.1097001134815713E-019   0.0000000000000000        0.0000000000000000        7.2678688283767915E-004   0.0000000000000000        7.2678688283767849E-004   7.2678688283767893E-004   0.0000000000000000        3.7819098319718768E-003   0.0000000000000000        0.0000000000000000       -2.6256401448499317E-019   0.0000000000000000        0.0000000000000000        7.7741495352618464E-020   0.0000000000000000        0.0000000000000000       -1.1092790831831948E-018  -1.0792063069107825E-018   0.0000000000000000       -9.0887963865494631E-019   0.0000000000000000        0.0000000000000000        2.2114858773965825E-003   3.7819098319718772E-003   0.0000000000000000        0.0000000000000000       -3.3945848335270433E-019   0.0000000000000000       -7.7741495352618464E-020   0.0000000000000000        0.0000000000000000        0.0000000000000000       -1.1870205720726744E-018  -1.1544067098831962E-018   0.0000000000000000       -9.8656818798522249E-019   0.0000000000000000        0.0000000000000000        2.2114858773965825E-003   0.0000000000000000       -7.2678688283767915E-004  -7.2678688283767915E-004   0.0000000000000000       -7.2678688283767915E-004   0.0000000000000000        0.0000000000000000        0.0000000000000000       -7.2678688283767904E-004   0.0000000000000000        0.0000000000000000        2.0163869286755273E-020   0.0000000000000000        8.1521292328200875E-020  -1.3329393757296071E-020   0.0000000000000000        0.0000000000000000       -6.9879350155728152E-019  -1.2138094467493107E-018   0.0000000000000000       -7.1097001134815713E-019   0.0000000000000000        0.0000000000000000        7.2678688283767904E-004   0.0000000000000000        0.0000000000000000        0.0000000000000000        7.2678688283767915E-004   0.0000000000000000        7.2678688283767828E-004   7.2678688283767871E-004   0.0000000000000000        3.7819098319718902E-003   0.0000000000000000        0.0000000000000000        8.4581508972939548E-019   0.0000000000000000        1.1092790831831948E-018   1.1870205720726744E-018   0.0000000000000000        0.0000000000000000        0.0000000000000000        3.1713896146159368E-020   0.0000000000000000        2.0124647747629171E-019   0.0000000000000000        0.0000000000000000        2.2114858773965825E-003   3.7819098319718846E-003   0.0000000000000000        0.0000000000000000        8.1410120004637506E-019   0.0000000000000000        1.0792063069107825E-018   1.1544067098831962E-018   0.0000000000000000        0.0000000000000000       -3.1713896146159368E-020   0.0000000000000000        0.0000000000000000        1.6868554838287957E-019   0.0000000000000000        0.0000000000000000        2.2114858773965825E-003   0.0000000000000000       -7.2678688283767915E-004  -7.2678688283767915E-004   0.0000000000000000       -7.2678688283767915E-004   0.0000000000000000        0.0000000000000000       -2.0163869286755273E-020  -7.2678688283767915E-004   0.0000000000000000        0.0000000000000000        0.0000000000000000        0.0000000000000000        4.7593602836683585E-020  -3.3493211446237232E-020   0.0000000000000000        3.7819098319718867E-003   0.0000000000000000        0.0000000000000000        6.4541233647790784E-019   0.0000000000000000        9.0887963865494631E-019   9.8656818798522249E-019   0.0000000000000000        0.0000000000000000       -2.0124647747629171E-019  -1.6868554838287957E-019   0.0000000000000000        0.0000000000000000        0.0000000000000000        0.0000000000000000        2.2114858773965825E-003   0.0000000000000000       -7.2678688283767839E-004  -7.2678688283767849E-004   0.0000000000000000       -7.2678688283767849E-004   0.0000000000000000        0.0000000000000000       -8.1521292328200875E-020  -7.2678688283767828E-004   0.0000000000000000        0.0000000000000000       -4.7593602836683585E-020   0.0000000000000000        0.0000000000000000       -9.4850686085496945E-020   0.0000000000000000        0.0000000000000000       -7.2678688283767893E-004  -7.2678688283767893E-004   0.0000000000000000       -7.2678688283767893E-004   0.0000000000000000        0.0000000000000000        1.3329393757296071E-020  -7.2678688283767871E-004   0.0000000000000000        0.0000000000000000        3.3493211446237232E-020   0.0000000000000000        9.4850686085496945E-020   0.0000000000000000        0.0000000000000000        2.5832628261123346E-003   0.0000000000000000        0.0000000000000000       -2.2114858773965825E-003   0.0000000000000000       -2.2114858773965825E-003  -2.2114858773965825E-003   0.0000000000000000        0.0000000000000000       -2.2114858773965825E-003  -2.2114858773965825E-003   0.0000000000000000       -2.2114858773965825E-003   0.0000000000000000        0.0000000000000000        0.0000000000000000     
   0.0000000000000000        0.0000000000000000        0.0000000000000000        1.2942971754634955E-002   0.0000000000000000        1.2942971754634960E-002   1.2942971754634951E-002   0.0000000000000000        0.0000000000000000        1.2942971754634960E-002   1.2942971754634963E-002   0.0000000000000000        1.2942971754634968E-002   0.0000000000000000        0.0000000000000000       -6.3382625291564156E-003   0.0000000000000000        0.0000000000000000        8.2457911623143655E-019   0.0000000000000000        4.2661420609426290E-019   0.0000000000000000        0.0000000000000000        1.5522908837707983E-002  -1.7569567234869399E-018   0.0000000000000000        0.0000000000000000        1.5522908837707981E-002   0.0000000000000000        1.5522908837707980E-002   1.5522908837707987E-002   0.0000000000000000        0.0000000000000000       -8.2457911623143655E-019   0.0000000000000000        0.0000000000000000       -3.9796408618771077E-019   0.0000000000000000        0.0000000000000000        1.5522908837707985E-002  -1.7124792086296083E-018   0.0000000000000000        0.0000000000000000        1.5522908837707981E-002   0.0000000000000000        1.5522908837707980E-002   1.5522908837707987E-002   0.0000000000000000       -1.2942971754634955E-002   0.0000000000000000        0.0000000000000000        0.0000000000000000        0.0000000000000000        2.8733510407626348E-018   2.9366320885058441E-018   0.0000000000000000        0.0000000000000000       -5.9373661916520967E-019  -9.2917249553475104E-019   0.0000000000000000       -1.0258865417257084E-018   0.0000000000000000        0.0000000000000000       -2.0739757119470929E-003   0.0000000000000000       -4.2661420609426290E-019   3.9796408618771077E-019   0.0000000000000000        0.0000000000000000        0.0000000000000000        0.0000000000000000        1.5522908837707983E-002  -1.7481959978984481E-018   0.0000000000000000        0.0000000000000000        1.5522908837707981E-002   0.0000000000000000        1.5522908837707980E-002   1.5522908837707987E-002   0.0000000000000000       -1.2942971754634960E-002   0.0000000000000000        0.0000000000000000       -2.8733510407626348E-018   0.0000000000000000        0.0000000000000000        2.8014794575990606E-019   0.0000000000000000        0.0000000000000000       -3.2502736950083970E-018  -3.5856830951355936E-018   0.0000000000000000       -3.6823971479912430E-018   0.0000000000000000        0.0000000000000000       -2.0739757119470929E-003  -1.2942971754634951E-002   0.0000000000000000        0.0000000000000000       -2.9366320885058441E-018   0.0000000000000000       -2.8014794575990606E-019   0.0000000000000000        0.0000000000000000        0.0000000000000000       -3.5303951774502611E-018  -3.8658045773759034E-018   0.0000000000000000       -3.7457046592536535E-018   0.0000000000000000        0.0000000000000000       -2.0739757119470929E-003   0.0000000000000000       -1.5522908837707983E-002  -1.5522908837707985E-002   0.0000000000000000       -1.5522908837707983E-002   0.0000000000000000        0.0000000000000000        0.0000000000000000       -1.5522908837707983E-002   0.0000000000000000        0.0000000000000000        8.4899369824057105E-019   0.0000000000000000        2.3405157295023650E-019  -6.3165984704667513E-019   0.0000000000000000        0.0000000000000000        1.7569567234869399E-018   1.7124792086296083E-018   0.0000000000000000        1.7481959978984481E-018   0.0000000000000000        0.0000000000000000        1.5522908837707983E-002   0.0000000000000000        0.0000000000000000        0.0000000000000000        1.5522908837707981E-002   0.0000000000000000        1.5522908837707980E-002   1.5522908837707987E-002   0.0000000000000000       -1.2942971754634960E-002   0.0000000000000000        0.0000000000000000        5.9373661916520967E-019   0.0000000000000000        3.2502736950083970E-018   3.5303951774502611E-018   0.0000000000000000        0.0000000000000000        0.0000000000000000       -3.3543587616759327E-019   0.0000000000000000       -2.1530948826574082E-019   0.0000000000000000        0.0000000000000000       -2.0739757119470929E-003  -1.2942971754634963E-002   0.0000000000000000        0.0000000000000000        9.2917249553475104E-019   0.0000000000000000        3.5856830951355936E-018   3.8658045773759034E-018   0.0000000000000000        0.0000000000000000        3.3543587616759327E-019   0.0000000000000000        0.0000000000000000        1.2012638164145253E-019   0.0000000000000000        0.0000000000000000       -2.0739757119470929E-003   0.0000000000000000       -1.5522908837707981E-002  -1.5522908837707981E-002   0.0000000000000000       -1.5522908837707981E-002   0.0000000000000000        0.0000000000000000       -8.4899369824057105E-019  -1.5522908837707981E-002   0.0000000000000000        0.0000000000000000        0.0000000000000000        0.0000000000000000       -3.9810127719660423E-019  -1.4806531316969523E-018   0.0000000000000000       -1.2942971754634968E-002   0.0000000000000000        0.0000000000000000        1.0258865417257084E-018   0.0000000000000000        3.6823971479912430E-018   3.7457046592536535E-018   0.0000000000000000        0.0000000000000000        2.1530948826574082E-019  -1.2012638164145253E-019   0.0000000000000000        0.0000000000000000        0.0000000000000000        0.0000000000000000       -2.0739757119470929E-003   0.0000000000000000       -1.5522908837707980E-002  -1.5522908837707980E-002   0.0000000000000000       -1.5522908837707980E-002   0.0000000000000000        0.0000000000000000       -2.3405157295023650E-019  -1.5522908837707980E-002   0.0000000000000000        0.0000000000000000        3.9810127719660423E-019   0.0000000000000000        0.0000000000000000       -1.0817048213511330E-018   0.0000000000000000        0.0000000000000000       -1.5522908837707987E-002  -1.5522908837707987E-002   0.0000000000000000       -1.5522908837707987E-002   0.0000000000000000        0.0000000000000000        6.3165984704667513E-019  -1.5522908837707987E-002   0.0000000000000000        0.0000000000000000        1.4806531316969523E-018   0.0000000000000000        1.0817048213511330E-018   0.0000000000000000        0.0000000000000000        6.3382625291564156E-003   0.0000000000000000        0.0000000000000000        2.0739757119470929E-003   0.0000000000000000        2.0739757119470929E-003   2.0739757119470929E-003   0.0000000000000000        0.0000000000000000        2.0739757119470929E-003   2.0739757119470929E-003   0.0000000000000000        2.0739757119470929E-003   0.0000000000000000        0.0000000000000000        0.0000000000000000     
   0.0000000000000000        0.0000000000000000        0.0000000000000000       -7.9791858790276924E-003   0.0000000000000000       -7.9791858790276924E-003  -7.9791858790276924E-003   0.0000000000000000        0.0000000000000000       -7.9791858790276907E-003  -7.9791858790276924E-003   0.0000000000000000       -7.9791858790276924E-003   0.0000000000000000        0.0000000000000000       -6.6146548094245760E-004   0.0000000000000000        0.0000000000000000        1.0783199897416508E-021   0.0000000000000000       -3.9871310686847554E-020   0.0000000000000000        0.0000000000000000        6.3259708810157866E-003  -1.3466157765107234E-020   0.0000000000000000        0.0000000000000000        6.3259708810157866E-003   0.0000000000000000        6.3259708810157892E-003   6.3259708810157874E-003   0.0000000000000000        0.0000000000000000       -1.0783199897416508E-021   0.0000000000000000        0.0000000000000000       -4.2643748257265085E-020   0.0000000000000000        0.0000000000000000        6.3259708810157866E-003  -1.4544477755243315E-020   0.0000000000000000        0.0000000000000000        6.3259708810157866E-003   0.0000000000000000        6.3259708810157892E-003   6.3259708810157874E-003   0.0000000000000000        7.9791858790276924E-003   0.0000000000000000        0.0000000000000000        0.0000000000000000        0.0000000000000000       -3.8992154199460591E-020   1.1244656399733823E-020   0.0000000000000000        0.0000000000000000       -1.5519088332272545E-020   2.4950967624934939E-019   0.0000000000000000        1.8463239446680342E-019   0.0000000000000000        0.0000000000000000        2.6551538762880383E-002   0.0000000000000000        3.9871310686847554E-020   4.2643748257265085E-020   0.0000000000000000        0.0000000000000000        0.0000000000000000        0.0000000000000000        6.3259708810157866E-003   2.6418439509935025E-020   0.0000000000000000        0.0000000000000000        6.3259708810157866E-003   0.0000000000000000        6.3259708810157892E-003   6.3259708810157874E-003   0.0000000000000000        7.9791858790276924E-003   0.0000000000000000        0.0000000000000000        3.8992154199460591E-020   0.0000000000000000        0.0000000000000000        7.7355100608914119E-020   0.0000000000000000        0.0000000000000000        5.0604383971567773E-020   3.1560688476252531E-019   0.0000000000000000        2.2362434187112319E-019   0.0000000000000000        0.0000000000000000        2.6551538762880383E-002   7.9791858790276924E-003   0.0000000000000000        0.0000000000000000       -1.1244656399733823E-020   0.0000000000000000       -7.7355100608914119E-020   0.0000000000000000        0.0000000000000000        0.0000000000000000        3.4110197718453561E-022   2.3825178496140477E-019   0.0000000000000000        1.7337429638212793E-019   0.0000000000000000        0.0000000000000000        2.6551538762880383E-002   0.0000000000000000       -6.3259708810157866E-003  -6.3259708810157866E-003   0.0000000000000000       -6.3259708810157866E-003   0.0000000000000000        0.0000000000000000        0.0000000000000000       -6.3259708810157866E-003   0.0000000000000000        0.0000000000000000       -9.7125848025777640E-021   0.0000000000000000       -5.0809002938819622E-019   3.7702148859241962E-019   0.0000000000000000        0.0000000000000000        1.3466157765107234E-020   1.4544477755243315E-020   0.0000000000000000       -2.6418439509935025E-020   0.0000000000000000        0.0000000000000000        6.3259708810157866E-003   0.0000000000000000        0.0000000000000000        0.0000000000000000        6.3259708810157866E-003   0.0000000000000000        6.3259708810157892E-003   6.3259708810157874E-003   0.0000000000000000        7.9791858790276907E-003   0.0000000000000000        0.0000000000000000        1.5519088332272545E-020   0.0000000000000000       -5.0604383971567773E-020  -3.4110197718453561E-022   0.0000000000000000        0.0000000000000000        0.0000000000000000        2.6501553050120471E-019   0.0000000000000000        2.0015127600393516E-019   0.0000000000000000        0.0000000000000000        2.6551538762880383E-002   7.9791858790276924E-003   0.0000000000000000        0.0000000000000000       -2.4950967624934939E-019   0.0000000000000000       -3.1560688476252531E-019  -2.3825178496140477E-019   0.0000000000000000        0.0000000000000000       -2.6501553050120471E-019   0.0000000000000000        0.0000000000000000       -6.4864046894310519E-020   0.0000000000000000        0.0000000000000000        2.6551538762880383E-002   0.0000000000000000       -6.3259708810157866E-003  -6.3259708810157866E-003   0.0000000000000000       -6.3259708810157866E-003   0.0000000000000000        0.0000000000000000        9.7125848025777640E-021  -6.3259708810157866E-003   0.0000000000000000        0.0000000000000000        0.0000000000000000        0.0000000000000000       -4.9922281670929914E-019   3.8673448698535299E-019   0.0000000000000000        7.9791858790276924E-003   0.0000000000000000        0.0000000000000000       -1.8463239446680342E-019   0.0000000000000000       -2.2362434187112319E-019  -1.7337429638212793E-019   0.0000000000000000        0.0000000000000000       -2.0015127600393516E-019   6.4864046894310519E-020   0.0000000000000000        0.0000000000000000        0.0000000000000000        0.0000000000000000        2.6551538762880383E-002   0.0000000000000000       -6.3259708810157892E-003  -6.3259708810157892E-003   0.0000000000000000       -6.3259708810157892E-003   0.0000000000000000        0.0000000000000000        5.0809002938819622E-019  -6.3259708810157892E-003   0.0000000000000000        0.0000000000000000        4.9922281670929914E-019   0.0000000000000000        0.0000000000000000        8.8511027720974627E-019   0.0000000000000000        0.0000000000000000       -6.3259708810157874E-003  -6.3259708810157874E-003   0.0000000000000000       -6.3259708810157874E-003   0.0000000000000000        0.0000000000000000       -3.7702148859241962E-019  -6.3259708810157874E-003   0.0000000000000000        0.0000000000000000       -3.8673448698535299E-019   0.0000000000000000       -8.8511027720974627E-019   0.0000000000000000        0.0000000000000000        6.6146548094245760E-004   0.0000000000000000        0.0000000000000000       -2.6551538762880383E-002   0.0000000000000000       -2.6551538762880383E-002  -2.6551538762880383E-002   0.0000000000000000        0.0000000000000000       -2.6551538762880383E-002  -2.6551538762880383E-002   0.0000000000000000       -2.6551538762880383E-002   0.0000000000000000        0.0000000000000000        0.0000000000000000     
   0.0000000000000000        0.0000000000000000        0.0000000000000000        1.4635449140238939E-003   0.0000000000000000        1.4635449140239000E-003   1.4635449140239102E-003   0.0000000000000000        0.0000000000000000        1.4635449140239065E-003   1.4635449140238937E-003   0.0000000000000000        1.4635449140238987E-003   0.0000000000000000        0.0000000000000000       -1.2522621425818717E-003   0.0000000000000000        0.0000000000000000        1.1185934598164792E-018   0.0000000000000000        3.2147424712117605E-019   0.0000000000000000        0.0000000000000000       -2.3408660966519650E-002  -9.1885628997987855E-019   0.0000000000000000        0.0000000000000000       -2.3408660966519661E-002   0.0000000000000000       -2.3408660966519657E-002  -2.3408660966519671E-002   0.0000000000000000        0.0000000000000000       -1.1185934598164792E-018   0.0000000000000000        0.0000000000000000       -9.0554273865368172E-019   0.0000000000000000        0.0000000000000000       -2.3408660966519650E-002  -2.0916896369355041E-018   0.0000000000000000        0.0000000000000000       -2.3408660966519661E-002   0.0000000000000000       -2.3408660966519661E-002  -2.3408660966519675E-002   0.0000000000000000       -1.4635449140238939E-003   0.0000000000000000        0.0000000000000000        0.0000000000000000        0.0000000000000000       -7.4591548699115978E-019   2.0107973521902920E-019   0.0000000000000000        0.0000000000000000       -2.9351023597746082E-019  -1.2266650841130520E-018   0.0000000000000000       -1.4925163539175479E-018   0.0000000000000000        0.0000000000000000       -6.7719290666754944E-003   0.0000000000000000       -3.2147424712117605E-019   9.0554273865368172E-019   0.0000000000000000        0.0000000000000000        0.0000000000000000        0.0000000000000000       -2.3408660966519650E-002  -1.2403338458363238E-018   0.0000000000000000        0.0000000000000000       -2.3408660966519661E-002   0.0000000000000000       -2.3408660966519661E-002  -2.3408660966519671E-002   0.0000000000000000       -1.4635449140239000E-003   0.0000000000000000        0.0000000000000000        7.4591548699115978E-019   0.0000000000000000        0.0000000000000000        9.4702169198979063E-019   0.0000000000000000        0.0000000000000000        4.5237795405348466E-019  -4.8072312572670358E-019   0.0000000000000000       -7.4660086692658525E-019   0.0000000000000000        0.0000000000000000       -6.7719290666754936E-003  -1.4635449140239102E-003   0.0000000000000000        0.0000000000000000       -2.0107973521902920E-019   0.0000000000000000       -9.4702169198979063E-019   0.0000000000000000        0.0000000000000000        0.0000000000000000       -4.9461726815650705E-019  -1.4277191767332894E-018   0.0000000000000000       -1.6936217317355660E-018   0.0000000000000000        0.0000000000000000       -6.7719290666754936E-003   0.0000000000000000        2.3408660966519650E-002   2.3408660966519650E-002   0.0000000000000000        2.3408660966519650E-002   0.0000000000000000        0.0000000000000000        0.0000000000000000        2.3408660966519650E-002   0.0000000000000000        0.0000000000000000       -2.1765897083980557E-021   0.0000000000000000       -2.6293272438222674E-018  -9.5309301294066756E-019   0.0000000000000000        0.0000000000000000        9.1885628997987855E-019   2.0916896369355041E-018   0.0000000000000000        1.2403338458363238E-018   0.0000000000000000        0.0000000000000000       -2.3408660966519650E-002   0.0000000000000000        0.0000000000000000        0.0000000000000000       -2.3408660966519661E-002   0.0000000000000000       -2.3408660966519657E-002  -2.3408660966519671E-002   0.0000000000000000       -1.4635449140239065E-003   0.0000000000000000        0.0000000000000000        2.9351023597746082E-019   0.0000000000000000       -4.5237795405348466E-019   4.9461726815650705E-019   0.0000000000000000        0.0000000000000000        0.0000000000000000       -9.3312754955978994E-019   0.0000000000000000       -1.1989788193644827E-018   0.0000000000000000        0.0000000000000000       -6.7719290666754936E-003  -1.4635449140238937E-003   0.0000000000000000        0.0000000000000000        1.2266650841130520E-018   0.0000000000000000        4.8072312572670358E-019   1.4277191767332894E-018   0.0000000000000000        0.0000000000000000        9.3312754955978994E-019   0.0000000000000000        0.0000000000000000       -2.6585044423966742E-019   0.0000000000000000        0.0000000000000000       -6.7719290666754936E-003   0.0000000000000000        2.3408660966519661E-002   2.3408660966519661E-002   0.0000000000000000        2.3408660966519661E-002   0.0000000000000000        0.0000000000000000        2.1765897083980557E-021   2.3408660966519661E-002   0.0000000000000000        0.0000000000000000        0.0000000000000000        0.0000000000000000       -2.1951894936005441E-018  -9.5176265483568371E-019   0.0000000000000000       -1.4635449140238987E-003   0.0000000000000000        0.0000000000000000        1.4925163539175479E-018   0.0000000000000000        7.4660086692658525E-019   1.6936217317355660E-018   0.0000000000000000        0.0000000000000000        1.1989788193644827E-018   2.6585044423966742E-019   0.0000000000000000        0.0000000000000000        0.0000000000000000        0.0000000000000000       -6.7719290666754936E-003   0.0000000000000000        2.3408660966519657E-002   2.3408660966519661E-002   0.0000000000000000        2.3408660966519661E-002   0.0000000000000000        0.0000000000000000        2.6293272438222674E-018   2.3408660966519657E-002   0.0000000000000000        0.0000000000000000        2.1951894936005441E-018   0.0000000000000000        0.0000000000000000        1.2434003948472620E-018   0.0000000000000000        0.0000000000000000        2.3408660966519671E-002   2.3408660966519675E-002   0.0000000000000000        2.3408660966519671E-002   0.0000000000000000        0.0000000000000000        9.5309301294066756E-019   2.3408660966519671E-002   0.0000000000000000        0.0000000000000000        9.5176265483568371E-019   0.0000000000000000       -1.2434003948472620E-018   0.0000000000000000        0.0000000000000000        1.2522621425818717E-003   0.0000000000000000        0.0000000000000000        6.7719290666754944E-003   0.0000000000000000        6.7719290666754936E-003   6.7719290666754936E-003   0.0000000000000000        0.0000000000000000        6.7719290666754936E-003   6.7719290666754936E-003   0.0000000000000000        6.7719290666754936E-003   0.0000000000000000        0.0000000000000000        0.0000000000000000     
