   0.0000000000000000        0.0000000000000000        0.0000000000000000        0.0000000000000000        0.0000000000000000        0.0000000000000000        0.0000000000000000        0.0000000000000000        0.0000000000000000        0.0000000000000000        0.0000000000000000        0.0000000000000000        0.0000000000000000        0.0000000000000000        0.0000000000000000        0.0000000000000000        0.0000000000000000        0.0000000000000000        0.0000000000000000        0.0000000000000000        0.0000000000000000        0.0000000000000000        0.0000000000000000        0.0000000000000000        0.0000000000000000        0.0000000000000000        0.0000000000000000        0.0000000000000000        0.0000000000000000        0.0000000000000000        0.0000000000000000        0.0000000000000000        0.0000000000000000        0.0000000000000000        0.0000000000000000        0.0000000000000000        0.0000000000000000        0.0000000000000000        0.0000000000000000        0.0000000000000000        0.0000000000000000        0.0000000000000000        0.0000000000000000        0.0000000000000000        0.0000000000000000        0.0000000000000000        0.0000000000000000        0.0000000000000000        0.0000000000000000        0.0000000000000000        0.0000000000000000        8.3333333333333356E-002   0.0000000000000000      -0.16666666666666671        8.3333333333333356E-002   0.0000000000000000        0.0000000000000000        8.3333333333333356E-002 -0.16666666666666671        0.0000000000000000        8.3333333333333356E-002   0.0000000000000000        0.0000000000000000        0.0000000000000000        0.0000000000000000        0.0000000000000000        0.0000000000000000        0.0000000000000000        0.0000000000000000        0.0000000000000000        0.0000000000000000        0.0000000000000000        0.0000000000000000        0.0000000000000000        0.0000000000000000        0.0000000000000000        0.0000000000000000        0.0000000000000000        0.0000000000000000        0.0000000000000000        0.0000000000000000        0.0000000000000000        0.0000000000000000      -0.16666666666666671        0.0000000000000000       0.33333333333333343      -0.16666666666666671        0.0000000000000000        0.0000000000000000      -0.16666666666666671       0.33333333333333343        0.0000000000000000      -0.16666666666666671        0.0000000000000000        0.0000000000000000        0.0000000000000000        0.0000000000000000        0.0000000000000000        0.0000000000000000        8.3333333333333356E-002   0.0000000000000000      -0.16666666666666671        8.3333333333333356E-002   0.0000000000000000        0.0000000000000000        8.3333333333333356E-002 -0.16666666666666671        0.0000000000000000        8.3333333333333356E-002   0.0000000000000000        0.0000000000000000        0.0000000000000000        0.0000000000000000        0.0000000000000000        0.0000000000000000        0.0000000000000000        0.0000000000000000        0.0000000000000000        0.0000000000000000        0.0000000000000000        0.0000000000000000        0.0000000000000000        0.0000000000000000        0.0000000000000000        0.0000000000000000        0.0000000000000000        0.0000000000000000        0.0000000000000000        0.0000000000000000        0.0000000000000000        0.0000000000000000        0.0000000000000000        0.0000000000000000        0.0000000000000000        0.0000000000000000        0.0000000000000000        0.0000000000000000        0.0000000000000000        0.0000000000000000        0.0000000000000000        0.0000000000000000        0.0000000000000000        0.0000000000000000        0.0000000000000000        0.0000000000000000        0.0000000000000000        0.0000000000000000        8.3333333333333356E-002   0.0000000000000000      -0.16666666666666671        8.3333333333333356E-002   0.0000000000000000        0.0000000000000000        8.3333333333333356E-002 -0.16666666666666671        0.0000000000000000        8.3333333333333356E-002   0.0000000000000000        0.0000000000000000        0.0000000000000000        0.0000000000000000        0.0000000000000000        0.0000000000000000      -0.16666666666666671        0.0000000000000000       0.33333333333333343      -0.16666666666666671        0.0000000000000000        0.0000000000000000      -0.16666666666666671       0.33333333333333343        0.0000000000000000      -0.16666666666666671        0.0000000000000000        0.0000000000000000        0.0000000000000000        0.0000000000000000        0.0000000000000000        0.0000000000000000        0.0000000000000000        0.0000000000000000        0.0000000000000000        0.0000000000000000        0.0000000000000000        0.0000000000000000        0.0000000000000000        0.0000000000000000        0.0000000000000000        0.0000000000000000        0.0000000000000000        0.0000000000000000        0.0000000000000000        0.0000000000000000        0.0000000000000000        0.0000000000000000        8.3333333333333356E-002   0.0000000000000000      -0.16666666666666671        8.3333333333333356E-002   0.0000000000000000        0.0000000000000000        8.3333333333333356E-002 -0.16666666666666671        0.0000000000000000        8.3333333333333356E-002   0.0000000000000000        0.0000000000000000        0.0000000000000000        0.0000000000000000        0.0000000000000000        0.0000000000000000        0.0000000000000000        0.0000000000000000        0.0000000000000000        0.0000000000000000        0.0000000000000000        0.0000000000000000        0.0000000000000000        0.0000000000000000        0.0000000000000000        0.0000000000000000        0.0000000000000000        0.0000000000000000        0.0000000000000000        0.0000000000000000        0.0000000000000000        0.0000000000000000        0.0000000000000000        0.0000000000000000        0.0000000000000000        0.0000000000000000        0.0000000000000000        0.0000000000000000        0.0000000000000000        0.0000000000000000        0.0000000000000000        0.0000000000000000        0.0000000000000000        0.0000000000000000        0.0000000000000000        0.0000000000000000        0.0000000000000000        0.0000000000000000        0.0000000000000000        0.0000000000000000        0.0000000000000000        0.0000000000000000        0.0000000000000000        0.0000000000000000        0.0000000000000000        0.0000000000000000        0.0000000000000000        0.0000000000000000        0.0000000000000000        0.0000000000000000        0.0000000000000000     
   2.7475022426489591E-062   1.6514868879117782E-065   1.6514868867482523E-065   1.6425251696313121E-063   1.6514868901328648E-065   1.6425251696661175E-063   1.6425251698272819E-063   1.3979228468409108E-065   1.6514868909091277E-065   1.6425251689760501E-063   1.6425251693712072E-063   1.3979228477942852E-065   1.6425251687173237E-063   1.3979228504083577E-065   1.3979228483935600E-065   8.1709222261258265E-063   1.6514868879117782E-065   1.6924861131952210E-062   1.6924861131583554E-062   1.4667301794744884E-065   1.6924861131758033E-062   1.4667301753158660E-065   1.4667301776968218E-065   7.5449992141772051E-063   1.6924861133515653E-062   1.4667301743470855E-065   1.4667301764818605E-065   7.5449992142215475E-063   1.4667301728970631E-065   7.5449992146733702E-063   7.5449992143629799E-063  -4.3200952968533966E-066   1.6514868867482523E-065   1.6924861131583554E-062   1.6924861131214906E-062   1.4667301772610514E-065   1.6924861131389385E-062   1.4667301731024257E-065   1.4667301754833796E-065   7.5449992136224802E-063   1.6924861133146994E-062   1.4667301721336452E-065   1.4667301742684219E-065   7.5449992136668205E-063   1.4667301706836236E-065   7.5449992141186432E-063   7.5449992138082528E-063  -4.3200953371232138E-066   1.6425251696313121E-063   1.4667301794744884E-065   1.4667301772610514E-065   8.3333333333333329E-002   1.4667301831619729E-065 -0.16666666666666666        8.3333333333333329E-002   5.2446360439247796E-066   1.4667301837580020E-065   8.3333333333333329E-002 -0.16666666666666666        5.2446360578869656E-066   8.3333333333333329E-002   5.2446360992359919E-066   5.2446360666755111E-066   1.3384480801835672E-062   1.6514868901328648E-065   1.6924861131758033E-062   1.6924861131389385E-062   1.4667301831619729E-065   1.6924861131563857E-062   1.4667301790033497E-065   1.4667301813843039E-065   7.5449992137870640E-063   1.6924861133321469E-062   1.4667301780345658E-065   1.4667301801693476E-065   7.5449992138314075E-063   1.4667301765845451E-065   7.5449992142832313E-063   7.5449992139728388E-063  -4.3200952278093922E-066   1.6425251696661175E-063   1.4667301753158660E-065   1.4667301731024257E-065 -0.16666666666666666        1.4667301790033497E-065  0.33333333333333331      -0.16666666666666666        5.2446359750098370E-066   1.4667301795993767E-065 -0.16666666666666666       0.33333333333333331        5.2446359889720737E-066 -0.16666666666666666        5.2446360303210578E-066   5.2446359977605348E-066   1.3384480802058036E-062   1.6425251698272819E-063   1.4667301776968218E-065   1.4667301754833796E-065   8.3333333333333329E-002   1.4667301813843039E-065 -0.16666666666666666        8.3333333333333329E-002   5.2446360144370923E-066   1.4667301819803252E-065   8.3333333333333329E-002 -0.16666666666666666        5.2446360283992868E-066   8.3333333333333329E-002   5.2446360697483046E-066   5.2446360371877901E-066   1.3384480802484420E-062   1.3979228468409108E-065   7.5449992141772051E-063   7.5449992136224802E-063   5.2446360439247796E-066   7.5449992137870640E-063   5.2446359750098370E-066   5.2446360144370923E-066   4.3884490139429506E-062   7.5449992167492471E-063   5.2446359625381385E-066   5.2446359977260239E-066   4.3884490139701822E-062   5.2446359377565791E-066   4.3884490140320232E-062   4.3884490139823073E-062  -5.7415492192538030E-065   1.6514868909091277E-065   1.6924861133515653E-062   1.6924861133146994E-062   1.4667301837580020E-065   1.6924861133321469E-062   1.4667301795993767E-065   1.4667301819803252E-065   7.5449992167492471E-063   1.6924861135079093E-062   1.4667301786305926E-065   1.4667301807653733E-065   7.5449992167935863E-063   1.4667301771805706E-065   7.5449992172454112E-063   7.5449992169350198E-063  -4.3200952274981064E-066   1.6425251689760501E-063   1.4667301743470855E-065   1.4667301721336452E-065   8.3333333333333329E-002   1.4667301780345658E-065 -0.16666666666666666        8.3333333333333329E-002   5.2446359625381385E-066   1.4667301786305926E-065   8.3333333333333329E-002 -0.16666666666666666        5.2446359765004089E-066   8.3333333333333329E-002   5.2446360178493761E-066   5.2446359852888616E-066   1.3384480799899775E-062   1.6425251693712072E-063   1.4667301764818605E-065   1.4667301742684219E-065 -0.16666666666666666        1.4667301801693476E-065  0.33333333333333331      -0.16666666666666666        5.2446359977260239E-066   1.4667301807653733E-065 -0.16666666666666666       0.33333333333333331        5.2446360116882943E-066 -0.16666666666666666        5.2446360530374028E-066   5.2446360204767786E-066   1.3384480800824624E-062   1.3979228477942852E-065   7.5449992142215475E-063   7.5449992136668205E-063   5.2446360578869656E-066   7.5449992138314075E-063   5.2446359889720737E-066   5.2446360283992868E-066   4.3884490139701822E-062   7.5449992167935863E-063   5.2446359765004089E-066   5.2446360116882943E-066   4.3884490139974189E-062   5.2446359517188326E-066   4.3884490140592582E-062   4.3884490140095415E-062  -5.7415492171292550E-065   1.6425251687173237E-063   1.4667301728970631E-065   1.4667301706836236E-065   8.3333333333333329E-002   1.4667301765845451E-065 -0.16666666666666666        8.3333333333333329E-002   5.2446359377565791E-066   1.4667301771805706E-065   8.3333333333333329E-002 -0.16666666666666666        5.2446359517188326E-066   8.3333333333333329E-002   5.2446359930677977E-066   5.2446359605073191E-066   1.3384480799575562E-062   1.3979228504083577E-065   7.5449992146733702E-063   7.5449992141186432E-063   5.2446360992359919E-066   7.5449992142832313E-063   5.2446360303210578E-066   5.2446360697483046E-066   4.3884490140320232E-062   7.5449992172454112E-063   5.2446360178493761E-066   5.2446360530374028E-066   4.3884490140592582E-062   5.2446359930677977E-066   4.3884490141210983E-062   4.3884490140713834E-062  -5.7415492100771832E-065   1.3979228483935600E-065   7.5449992143629799E-063   7.5449992138082528E-063   5.2446360666755111E-066   7.5449992139728388E-063   5.2446359977605348E-066   5.2446360371877901E-066   4.3884490139823073E-062   7.5449992169350198E-063   5.2446359852888616E-066   5.2446360204767786E-066   4.3884490140095415E-062   5.2446359605073191E-066   4.3884490140713834E-062   4.3884490140216658E-062  -5.7415492154747211E-065   8.1709222261258265E-063  -4.3200952968533966E-066  -4.3200953371232138E-066   1.3384480801835672E-062  -4.3200952278093922E-066   1.3384480802058036E-062   1.3384480802484420E-062  -5.7415492192538030E-065  -4.3200952274981064E-066   1.3384480799899775E-062   1.3384480800824624E-062  -5.7415492171292550E-065   1.3384480799575562E-062  -5.7415492100771832E-065  -5.7415492154747211E-065   1.1229547388288398E-061
   4.6053446907072506E-034  -5.7307873752128592E-034  -5.7307873752130671E-034   7.0031665968317988E-034  -5.7307873752131090E-034   7.0031665965714390E-034   7.0031665968321931E-034  -8.3601172335102748E-034  -5.7307873752130080E-034   7.0031665968317543E-034   7.0031665965714929E-034  -8.3601172335100028E-034   7.0031665968320605E-034  -8.3601172335101978E-034  -8.3601172335105177E-034   9.5426659542886995E-034  -5.7307873752128592E-034   7.1737624818610089E-034   7.1737624818612877E-034  -8.8026788440430963E-034   7.1737624818612946E-034  -8.8026788430964654E-034  -8.8026788440435496E-034   1.0543497562923777E-033   7.1737624818611911E-034  -8.8026788440430107E-034  -8.8026788430965818E-034   1.0543497562923468E-033  -8.8026788440433494E-034   1.0543497562923642E-033   1.0543497562924065E-033  -1.2072604530993014E-033  -5.7307873752130671E-034   7.1737624818612877E-034   7.1737624818615657E-034  -8.8026788440393501E-034   7.1737624818615742E-034  -8.8026788431050303E-034  -8.8026788440398051E-034   1.0543497562924227E-033   7.1737624818614690E-034  -8.8026788440392663E-034  -8.8026788431051483E-034   1.0543497562923917E-033  -8.8026788440396067E-034   1.0543497562924090E-033   1.0543497562924516E-033  -1.2072604530993553E-033   7.0031665968317988E-034  -8.8026788440430963E-034  -8.8026788440393501E-034   8.3333333333333356E-002  -8.8026788440256313E-034 -0.16666666666666671        8.3333333333333356E-002  -1.3016182698179619E-033  -8.8026788440410573E-034   8.3333333333333356E-002 -0.16666666666666671       -1.3016182698192357E-033   8.3333333333333356E-002  -1.3016182698176819E-033  -1.3016182698179044E-033   1.4946012031223954E-033  -5.7307873752131090E-034   7.1737624818612946E-034   7.1737624818615742E-034  -8.8026788440256313E-034   7.1737624818615819E-034  -8.8026788431323823E-034  -8.8026788440260846E-034   1.0543497562924147E-033   7.1737624818614776E-034  -8.8026788440255458E-034  -8.8026788431324986E-034   1.0543497562923839E-033  -8.8026788440258845E-034   1.0543497562924012E-033   1.0543497562924434E-033  -1.2072604530993396E-033   7.0031665965714390E-034  -8.8026788430964654E-034  -8.8026788431050303E-034 -0.16666666666666671       -8.8026788431323823E-034  0.33333333333333343      -0.16666666666666671       -1.3016182697362603E-033  -8.8026788431012054E-034 -0.16666666666666671       0.33333333333333343       -1.3016182697336079E-033 -0.16666666666666671       -1.3016182697367599E-033  -1.3016182697364777E-033   1.4946012030619396E-033   7.0031665968321931E-034  -8.8026788440435496E-034  -8.8026788440398051E-034   8.3333333333333356E-002  -8.8026788440260846E-034 -0.16666666666666671        8.3333333333333356E-002  -1.3016182698180205E-033  -8.8026788440415089E-034   8.3333333333333356E-002 -0.16666666666666671       -1.3016182698192944E-033   8.3333333333333356E-002  -1.3016182698177404E-033  -1.3016182698179629E-033   1.4946012031224566E-033  -8.3601172335102748E-034   1.0543497562923777E-033   1.0543497562924227E-033  -1.3016182698179619E-033   1.0543497562924147E-033  -1.3016182697362603E-033  -1.3016182698180205E-033   1.5674988118837828E-033   1.0543497562924037E-033  -1.3016182698179427E-033  -1.3016182697362877E-033   1.5674988118837448E-033  -1.3016182698179841E-033   1.5674988118837551E-033   1.5674988118838225E-033  -1.8049599460949057E-033  -5.7307873752130080E-034   7.1737624818611911E-034   7.1737624818614690E-034  -8.8026788440410573E-034   7.1737624818614776E-034  -8.8026788431012054E-034  -8.8026788440415089E-034   1.0543497562924037E-033   7.1737624818613732E-034  -8.8026788440409717E-034  -8.8026788431013200E-034   1.0543497562923729E-033  -8.8026788440413121E-034   1.0543497562923900E-033   1.0543497562924326E-033  -1.2072604530993303E-033   7.0031665968317543E-034  -8.8026788440430107E-034  -8.8026788440392663E-034   8.3333333333333356E-002  -8.8026788440255458E-034 -0.16666666666666671        8.3333333333333356E-002  -1.3016182698179427E-033  -8.8026788440409717E-034   8.3333333333333356E-002 -0.16666666666666671       -1.3016182698192167E-033   8.3333333333333356E-002  -1.3016182698176629E-033  -1.3016182698178852E-033   1.4946012031223694E-033   7.0031665965714929E-034  -8.8026788430965818E-034  -8.8026788431051483E-034 -0.16666666666666671       -8.8026788431324986E-034  0.33333333333333343      -0.16666666666666671       -1.3016182697362877E-033  -8.8026788431013200E-034 -0.16666666666666671       0.33333333333333343       -1.3016182697336352E-033 -0.16666666666666671       -1.3016182697367873E-033  -1.3016182697365051E-033   1.4946012030619772E-033  -8.3601172335100028E-034   1.0543497562923468E-033   1.0543497562923917E-033  -1.3016182698192357E-033   1.0543497562923839E-033  -1.3016182697336079E-033  -1.3016182698192944E-033   1.5674988118837448E-033   1.0543497562923729E-033  -1.3016182698192167E-033  -1.3016182697336352E-033   1.5674988118837065E-033  -1.3016182698192583E-033   1.5674988118837167E-033   1.5674988118837841E-033  -1.8049599460948671E-033   7.0031665968320605E-034  -8.8026788440433494E-034  -8.8026788440396067E-034   8.3333333333333356E-002  -8.8026788440258845E-034 -0.16666666666666671        8.3333333333333356E-002  -1.3016182698179841E-033  -8.8026788440413121E-034   8.3333333333333356E-002 -0.16666666666666671       -1.3016182698192583E-033   8.3333333333333356E-002  -1.3016182698177043E-033  -1.3016182698179266E-033   1.4946012031224108E-033  -8.3601172335101978E-034   1.0543497562923642E-033   1.0543497562924090E-033  -1.3016182698176819E-033   1.0543497562924012E-033  -1.3016182697367599E-033  -1.3016182698177404E-033   1.5674988118837551E-033   1.0543497562923900E-033  -1.3016182698176629E-033  -1.3016182697367873E-033   1.5674988118837167E-033  -1.3016182698177043E-033   1.5674988118837270E-033   1.5674988118837947E-033  -1.8049599460948684E-033  -8.3601172335105177E-034   1.0543497562924065E-033   1.0543497562924516E-033  -1.3016182698179044E-033   1.0543497562924434E-033  -1.3016182697364777E-033  -1.3016182698179629E-033   1.5674988118838225E-033   1.0543497562924326E-033  -1.3016182698178852E-033  -1.3016182697365051E-033   1.5674988118837841E-033  -1.3016182698179266E-033   1.5674988118837947E-033   1.5674988118838618E-033  -1.8049599460949488E-033   9.5426659542886995E-034  -1.2072604530993014E-033  -1.2072604530993553E-033   1.4946012031223954E-033  -1.2072604530993396E-033   1.4946012030619396E-033   1.4946012031224566E-033  -1.8049599460949057E-033  -1.2072604530993303E-033   1.4946012031223694E-033   1.4946012030619772E-033  -1.8049599460948671E-033   1.4946012031224108E-033  -1.8049599460948684E-033  -1.8049599460949488E-033   2.0854904388587309E-033
   3.1867244626608451E-030  -4.9619105918854116E-031   7.8047731230783043E-032   2.0381234173877235E-017  -3.7531080553798283E-031  -4.0762468347755401E-017   2.0381234173877830E-017  -2.9760468480617692E-031   7.9654040435138160E-032   2.0381234173877451E-017  -4.0762468347756393E-017   4.8890460805703362E-031   2.0381234173877824E-017  -3.0435964161198538E-032   3.6580603308203379E-031   1.4570279615072517E-031  -4.9619105918854116E-031   3.1144162779995387E-030  -1.1050231660388274E-030   1.2601137474738867E-016   2.0069926758851138E-030  -2.5202274949477625E-016   1.2601137474738800E-016   9.5007428948367160E-031  -1.5024098097415247E-030   1.2601137474738830E-016  -2.5202274949477704E-016  -8.4105946991242954E-031   1.2601137474738808E-016   9.7004610531191027E-031  -7.3002385070301051E-031  -4.2860262693460111E-032   7.8047731230783043E-032  -1.1050231660388274E-030   2.8882554115400346E-030  -1.1442498378182862E-016  -7.3915007591671320E-031   2.2884996756365764E-016  -1.1442498378182887E-016  -1.0519561913959475E-030   1.4187055831484859E-030  -1.1442498378182875E-016   2.2884996756365799E-016   7.0091896375167073E-031  -1.1442498378182887E-016  -1.3032184379205266E-030   8.7235726951859770E-031   1.5393486859905302E-031   2.0381234173877235E-017   1.2601137474738867E-016  -1.1442498378182862E-016   8.3333333333333426E-002   7.0640853080666480E-017 -0.16666666666666691        8.3333333333333481E-002   5.4242896397780750E-017  -1.0795186140430561E-016   8.3333333333333537E-002 -0.16666666666666705       -1.9835350786128952E-017   8.3333333333333481E-002   5.1311299267737636E-017  -1.0286589152041261E-016  -2.8460958932029054E-017  -3.7531080553798283E-031   2.0069926758851138E-030  -7.3915007591671320E-031   7.0640853080666480E-017   2.7246422514762142E-030  -1.4128170616133252E-016   7.0640853080666159E-017   5.3272708612148822E-031  -1.1183154177216539E-030   7.0640853080666455E-017  -1.4128170616133330E-016  -3.4067476646529916E-031   7.0640853080666332E-017   4.2307912454127084E-031   2.5551360026675583E-031  -4.9781364489516149E-032  -4.0762468347755401E-017  -2.5202274949477625E-016   2.2884996756365764E-016 -0.16666666666666691       -1.4128170616133252E-016  0.33333333333333387      -0.16666666666666693       -1.0848579279556129E-016   2.1590372280861172E-016 -0.16666666666666707       0.33333333333333415        3.9670701572258181E-017 -0.16666666666666696       -1.0262259853547452E-016   2.0573178304082513E-016   5.6921917864058133E-017   2.0381234173877830E-017   1.2601137474738800E-016  -1.1442498378182887E-016   8.3333333333333481E-002   7.0640853080666159E-017 -0.16666666666666693        8.3333333333333523E-002   5.4242896397780534E-017  -1.0795186140430548E-016   8.3333333333333565E-002 -0.16666666666666710       -1.9835350786128693E-017   8.3333333333333523E-002   5.1311299267737377E-017  -1.0286589152041242E-016  -2.8460958932029264E-017  -2.9760468480617692E-031   9.5007428948367160E-031  -1.0519561913959475E-030   5.4242896397780750E-017   5.3272708612148822E-031  -1.0848579279556129E-016   5.4242896397780534E-017   3.6096577677196079E-030  -3.0519049157948595E-031   5.4242896397780324E-017  -1.0848579279556040E-016  -2.1941563411211921E-030   5.4242896397780719E-017   2.6031573957545319E-030  -2.1014607568329643E-030  -5.9197465882414684E-031   7.9654040435138160E-032  -1.5024098097415247E-030   1.4187055831484859E-030  -1.0795186140430561E-016  -1.1183154177216539E-030   2.1590372280861172E-016  -1.0795186140430548E-016  -3.0519049157948595E-031   3.0829964868877820E-030  -1.0795186140430545E-016   2.1590372280861233E-016   2.0482120105283297E-031  -1.0795186140430565E-016  -8.1059960076967625E-032   6.6674961974386724E-032  -4.3193303701679491E-031   2.0381234173877451E-017   1.2601137474738830E-016  -1.1442498378182875E-016   8.3333333333333537E-002   7.0640853080666455E-017 -0.16666666666666707        8.3333333333333565E-002   5.4242896397780324E-017  -1.0795186140430545E-016   8.3333333333333592E-002 -0.16666666666666716       -1.9835350786128428E-017   8.3333333333333537E-002   5.1311299267737112E-017  -1.0286589152041233E-016  -2.8460958932028968E-017  -4.0762468347756393E-017  -2.5202274949477704E-016   2.2884996756365799E-016 -0.16666666666666705       -1.4128170616133330E-016  0.33333333333333415      -0.16666666666666710       -1.0848579279556040E-016   2.1590372280861233E-016 -0.16666666666666716       0.33333333333333443        3.9670701572258169E-017 -0.16666666666666710       -1.0262259853547387E-016   2.0573178304082540E-016   5.6921917864058244E-017   4.8890460805703362E-031  -8.4105946991242954E-031   7.0091896375167073E-031  -1.9835350786128952E-017  -3.4067476646529916E-031   3.9670701572258181E-017  -1.9835350786128693E-017  -2.1941563411211921E-030   2.0482120105283297E-031  -1.9835350786128428E-017   3.9670701572258169E-017   3.7589901724759263E-030  -1.9835350786128869E-017  -1.9204710870852643E-030   2.8100279163906411E-030   3.4022750706556408E-031   2.0381234173877824E-017   1.2601137474738808E-016  -1.1442498378182887E-016   8.3333333333333481E-002   7.0640853080666332E-017 -0.16666666666666696        8.3333333333333523E-002   5.4242896397780719E-017  -1.0795186140430565E-016   8.3333333333333537E-002 -0.16666666666666710       -1.9835350786128869E-017   8.3333333333333523E-002   5.1311299267737235E-017  -1.0286589152041255E-016  -2.8460958932029270E-017  -3.0435964161198538E-032   9.7004610531191027E-031  -1.3032184379205266E-030   5.1311299267737636E-017   4.2307912454127084E-031  -1.0262259853547452E-016   5.1311299267737377E-017   2.6031573957545319E-030  -8.1059960076967625E-032   5.1311299267737112E-017  -1.0262259853547387E-016  -1.9204710870852643E-030   5.1311299267737235E-017   3.8640593545922526E-030  -2.0299506757577120E-030  -6.3039598805289763E-031   3.6580603308203379E-031  -7.3002385070301051E-031   8.7235726951859770E-031  -1.0286589152041261E-016   2.5551360026675583E-031   2.0573178304082513E-016  -1.0286589152041242E-016  -2.1014607568329643E-030   6.6674961974386724E-032  -1.0286589152041233E-016   2.0573178304082540E-016   2.8100279163906411E-030  -1.0286589152041255E-016  -2.0299506757577120E-030   3.9832967393069831E-030   2.5574377878377502E-031   1.4570279615072517E-031  -4.2860262693460111E-032   1.5393486859905302E-031  -2.8460958932029054E-017  -4.9781364489516149E-032   5.6921917864058133E-017  -2.8460958932029264E-017  -5.9197465882414684E-031  -4.3193303701679491E-031  -2.8460958932028968E-017   5.6921917864058244E-017   3.4022750706556408E-031  -2.8460958932029270E-017  -6.3039598805289763E-031   2.5574377878377502E-031   2.1857593863843401E-030
   4.3822318494746707E-030  -8.6972029245935566E-031   1.3698154365498522E-030   4.8725089536074379E-017  -1.1199081451722952E-030  -9.7450179072149954E-017   4.8725089536074940E-017   6.2342237205344221E-031   8.5741178514663675E-031   4.8725089536074977E-017  -9.7450179072148931E-017  -8.3347688880121211E-032   4.8725089536074755E-017   1.1103838272028425E-030   4.8375550708714859E-032  -3.0764580109025680E-031  -8.6972029245935566E-031   7.0201762346419890E-030  -2.4084621420184755E-030  -7.2269537968975021E-017   3.4065387390469820E-030   1.4453907593794844E-016  -7.2269537968974589E-017   6.4902253566509207E-032  -3.4661508041790973E-030  -7.2269537968974639E-017   1.4453907593795194E-016  -1.4164625761802183E-031  -7.2269537968975711E-017  -1.1251613147711205E-030   5.9527537029745077E-031  -8.3519250379447249E-031   1.3698154365498522E-030  -2.4084621420184755E-030   8.1423818297870704E-030   2.2100200880708262E-016  -2.9885319221591425E-030  -4.4200401761416617E-016   2.2100200880708239E-016   1.6768952111656063E-030   4.5727396522300456E-030   2.2100200880708316E-016  -4.4200401761416592E-016  -1.9620329617520148E-030   2.2100200880708405E-016   2.3372592429220945E-030  -1.5142007936976133E-030   2.2355353446895352E-031   4.8725089536074379E-017  -7.2269537968975021E-017   2.2100200880708262E-016   8.3333333333333148E-002  -4.0460902218226255E-017 -0.16666666666666638        8.3333333333333245E-002   6.6397965386667865E-017   2.2762759108415278E-017   8.3333333333333384E-002 -0.16666666666666666        6.7633308560329153E-017   8.3333333333333329E-002   1.1367461973809481E-016  -1.4472698259014580E-017   5.3524366710177635E-017  -1.1199081451722952E-030   3.4065387390469820E-030  -2.9885319221591425E-030  -4.0460902218226255E-017   6.5877600353664161E-030   8.0921804436453743E-017  -4.0460902218226964E-017  -8.4410379006344968E-031  -2.7404862811579345E-030  -4.0460902218227118E-017   8.0921804436455900E-017   1.2638182250064436E-030  -4.0460902218227932E-017  -1.5753312506140841E-030   2.1891942153185487E-030  -7.8181504646386674E-031  -9.7450179072149954E-017   1.4453907593794844E-016  -4.4200401761416617E-016 -0.16666666666666638        8.0921804436453743E-017  0.33333333333333309      -0.16666666666666663       -1.3279593077334133E-016  -4.5525518216829267E-017 -0.16666666666666680       0.33333333333333343       -1.3526661712065392E-016 -0.16666666666666669       -2.2734923947619417E-016   2.8945396518034774E-017  -1.0704873342035720E-016   4.8725089536074940E-017  -7.2269537968974589E-017   2.2100200880708239E-016   8.3333333333333245E-002  -4.0460902218226964E-017 -0.16666666666666663        8.3333333333333329E-002   6.6397965386668617E-017   2.2762759108413364E-017   8.3333333333333454E-002 -0.16666666666666685        6.7633308560327970E-017   8.3333333333333426E-002   1.1367461973809629E-016  -1.4472698259015267E-017   5.3524366710177586E-017   6.2342237205344221E-031   6.4902253566509207E-032   1.6768952111656063E-030   6.6397965386667865E-017  -8.4410379006344968E-031  -1.3279593077334133E-016   6.6397965386668617E-017   7.6369406174680101E-030  -4.2372847658765128E-031   6.6397965386669775E-017  -1.3279593077333497E-016  -4.3149465282384523E-030   6.6397965386670392E-017   3.9551710961489506E-030  -3.7277905243151162E-030   3.3708080352149409E-031   8.5741178514663675E-031  -3.4661508041790973E-030   4.5727396522300456E-030   2.2762759108415278E-017  -2.7404862811579345E-030  -4.5525518216829267E-017   2.2762759108413364E-017  -4.2372847658765128E-031   8.0427511993423944E-030   2.2762759108413832E-017  -4.5525518216830420E-017  -5.0478063381284154E-031   2.2762759108415225E-017   8.5428701275369072E-031  -1.2254651316582860E-030   5.1982801840724313E-031   4.8725089536074977E-017  -7.2269537968974639E-017   2.2100200880708316E-016   8.3333333333333384E-002  -4.0460902218227118E-017 -0.16666666666666680        8.3333333333333454E-002   6.6397965386669775E-017   2.2762759108413832E-017   8.3333333333333565E-002 -0.16666666666666705        6.7633308560327514E-017   8.3333333333333495E-002   1.1367461973809812E-016  -1.4472698259017270E-017   5.3524366710178479E-017  -9.7450179072148931E-017   1.4453907593795194E-016  -4.4200401761416592E-016 -0.16666666666666666        8.0921804436455900E-017  0.33333333333333343      -0.16666666666666685       -1.3279593077333497E-016  -4.5525518216830420E-017 -0.16666666666666705       0.33333333333333404       -1.3526661712065811E-016 -0.16666666666666699       -2.2734923947619135E-016   2.8945396518030294E-017  -1.0704873342035669E-016  -8.3347688880121211E-032  -1.4164625761802183E-031  -1.9620329617520148E-030   6.7633308560329153E-017   1.2638182250064436E-030  -1.3526661712065392E-016   6.7633308560327970E-017  -4.3149465282384523E-030  -5.0478063381284154E-031   6.7633308560327514E-017  -1.3526661712065811E-016   8.9228761538579916E-030   6.7633308560326589E-017  -4.5593660936780800E-030   5.7310706265232812E-030  -2.2519895947162115E-031   4.8725089536074755E-017  -7.2269537968975711E-017   2.2100200880708405E-016   8.3333333333333329E-002  -4.0460902218227932E-017 -0.16666666666666669        8.3333333333333426E-002   6.6397965386670392E-017   2.2762759108415225E-017   8.3333333333333495E-002 -0.16666666666666699        6.7633308560326589E-017   8.3333333333333440E-002   1.1367461973809740E-016  -1.4472698259017067E-017   5.3524366710177622E-017   1.1103838272028425E-030  -1.1251613147711205E-030   2.3372592429220945E-030   1.1367461973809481E-016  -1.5753312506140841E-030  -2.2734923947619417E-016   1.1367461973809629E-016   3.9551710961489506E-030   8.5428701275369072E-031   1.1367461973809812E-016  -2.2734923947619135E-016  -4.5593660936780800E-030   1.1367461973809740E-016   8.7803940268838256E-030  -4.0720921845720527E-030   1.0100674923415976E-030   4.8375550708714859E-032   5.9527537029745077E-031  -1.5142007936976133E-030  -1.4472698259014580E-017   2.1891942153185487E-030   2.8945396518034774E-017  -1.4472698259015267E-017  -3.7277905243151162E-030  -1.2254651316582860E-030  -1.4472698259017270E-017   2.8945396518030294E-017   5.7310706265232812E-030  -1.4472698259017067E-017  -4.0720921845720527E-030   8.1102836442375295E-030  -4.9939059804533609E-031  -3.0764580109025680E-031  -8.3519250379447249E-031   2.2355353446895352E-031   5.3524366710177635E-017  -7.8181504646386674E-031  -1.0704873342035720E-016   5.3524366710177586E-017   3.3708080352149409E-031   5.1982801840724313E-031   5.3524366710178479E-017  -1.0704873342035669E-016  -2.2519895947162115E-031   5.3524366710177622E-017   1.0100674923415976E-030  -4.9939059804533609E-031   4.8789944429964576E-030
   5.7909201147123324E-030  -1.1174478367434611E-030  -1.7387208513754768E-030   9.9578686183971958E-017   1.1520762878530238E-030  -1.9915737236794594E-016   9.9578686183974978E-017  -5.0600117016602354E-031  -6.0144284392797120E-031   9.9578686183972969E-017  -1.9915737236794825E-016   3.5706667573022672E-031   9.9578686183972525E-017  -7.6117603360561189E-031   5.4571277440038701E-031   4.4459179489962071E-032  -1.1174478367434611E-030   1.4639321727076571E-029  -6.6977157930226433E-030   1.4449486176522509E-016   1.0393478190512402E-029  -2.8898972353044718E-016   1.4449486176522251E-016  -3.9254507988897959E-032  -6.1207665711721224E-030   1.4449486176522236E-016  -2.8898972353045088E-016   2.8695134685575831E-030   1.4449486176522455E-016   6.5129188153030706E-031   1.3555561939524702E-030   2.3079712478171452E-031  -1.7387208513754768E-030  -6.6977157930226433E-030   1.2233592457395327E-029  -1.8210470343155177E-016  -7.7505348738267508E-030   3.6420940686311040E-016  -1.8210470343155375E-016   1.0038136619479137E-030   7.0010316161619805E-030  -1.8210470343155209E-016   3.6420940686310646E-016  -2.7879478910410542E-030  -1.8210470343155431E-016   1.5997887920262055E-030  -1.2493882733925819E-030  -7.3678847457428908E-031   9.9578686183971958E-017   1.4449486176522509E-016  -1.8210470343155177E-016   8.3333333333333010E-002   9.6997436948654677E-017 -0.16666666666666646        8.3333333333333426E-002   4.2912438404296378E-017  -1.6829912339185644E-016   8.3333333333333287E-002 -0.16666666666666671       -1.3246333466788759E-016   8.3333333333333315E-002  -5.4948886036838667E-017  -1.2232162727082956E-016   5.7295198647280958E-017   1.1520762878530238E-030   1.0393478190512402E-029  -7.7505348738267508E-030   9.6997436948654677E-017   1.6356387494079750E-029  -1.9399487389730751E-016   9.6997436948653987E-017   4.5724314783193931E-031  -6.8353311784198047E-030   9.6997436948651990E-017  -1.9399487389731120E-016   4.2699473241142116E-030   9.6997436948653370E-017  -2.5250636798869340E-030   3.1631510870054076E-030   1.4143829926309600E-030  -1.9915737236794594E-016  -2.8898972353044718E-016   3.6420940686311040E-016 -0.16666666666666646       -1.9399487389730751E-016  0.33333333333333359      -0.16666666666666727       -8.5824876808594162E-017   3.3659824678371371E-016 -0.16666666666666702       0.33333333333333398        2.6492666933577868E-016 -0.16666666666666699        1.0989777207367923E-016   2.4464325454165774E-016  -1.1459039729456201E-016   9.9578686183974978E-017   1.4449486176522251E-016  -1.8210470343155375E-016   8.3333333333333426E-002   9.6997436948653987E-017 -0.16666666666666727        8.3333333333333814E-002   4.2912438404298079E-017  -1.6829912339185782E-016   8.3333333333333690E-002 -0.16666666666666746       -1.3246333466789023E-016   8.3333333333333703E-002  -5.4948886036838654E-017  -1.2232162727083106E-016   5.7295198647279898E-017  -5.0600117016602354E-031  -3.9254507988897959E-032   1.0038136619479137E-030   4.2912438404296378E-017   4.5724314783193931E-031  -8.5824876808594162E-017   4.2912438404298079E-017   8.9861806857298887E-030   7.9604189716985656E-031   4.2912438404297580E-017  -8.5824876808592522E-017  -3.4917983710948032E-030   4.2912438404295928E-017   4.7399712712024981E-030  -3.2780492294468547E-030   1.4352635202316728E-030  -6.0144284392797120E-031  -6.1207665711721224E-030   7.0010316161619805E-030  -1.6829912339185644E-016  -6.8353311784198047E-030   3.3659824678371371E-016  -1.6829912339185782E-016   7.9604189716985656E-031   1.1095861911815380E-029  -1.6829912339185599E-016   3.3659824678371697E-016  -9.4463750123626462E-031  -1.6829912339185784E-016   1.3749772940046819E-030  -1.1907894756432623E-030  -3.6354054391155425E-031   9.9578686183972969E-017   1.4449486176522236E-016  -1.8210470343155209E-016   8.3333333333333287E-002   9.6997436948651990E-017 -0.16666666666666702        8.3333333333333690E-002   4.2912438404297580E-017  -1.6829912339185599E-016   8.3333333333333565E-002 -0.16666666666666721       -1.3246333466789227E-016   8.3333333333333579E-002  -5.4948886036836935E-017  -1.2232162727083027E-016   5.7295198647280058E-017  -1.9915737236794825E-016  -2.8898972353045088E-016   3.6420940686310646E-016 -0.16666666666666671       -1.9399487389731120E-016  0.33333333333333398      -0.16666666666666746       -8.5824876808592522E-017   3.3659824678371697E-016 -0.16666666666666721       0.33333333333333454        2.6492666933577725E-016 -0.16666666666666721        1.0989777207367886E-016   2.4464325454165838E-016  -1.1459039729456051E-016   3.5706667573022672E-031   2.8695134685575831E-030  -2.7879478910410542E-030  -1.3246333466788759E-016   4.2699473241142116E-030   2.6492666933577868E-016  -1.3246333466789023E-016  -3.4917983710948032E-030  -9.4463750123626462E-031  -1.3246333466789227E-016   2.6492666933577725E-016   1.2327921768848575E-029  -1.3246333466789065E-016  -5.2424477887040718E-030   5.0496929412200131E-030   1.0805820381357097E-030   9.9578686183972525E-017   1.4449486176522455E-016  -1.8210470343155431E-016   8.3333333333333315E-002   9.6997436948653370E-017 -0.16666666666666699        8.3333333333333703E-002   4.2912438404295928E-017  -1.6829912339185784E-016   8.3333333333333579E-002 -0.16666666666666721       -1.3246333466789065E-016   8.3333333333333620E-002  -5.4948886036839419E-017  -1.2232162727083052E-016   5.7295198647281291E-017  -7.6117603360561189E-031   6.5129188153030706E-031   1.5997887920262055E-030  -5.4948886036838667E-017  -2.5250636798869340E-030   1.0989777207367923E-016  -5.4948886036838654E-017   4.7399712712024981E-030   1.3749772940046819E-030  -5.4948886036836935E-017   1.0989777207367886E-016  -5.2424477887040718E-030  -5.4948886036839419E-017   1.2337987973377215E-029  -5.2624417351875509E-030  -4.1210551445653733E-031   5.4571277440038701E-031   1.3555561939524702E-030  -1.2493882733925819E-030  -1.2232162727082956E-016   3.1631510870054076E-030   2.4464325454165774E-016  -1.2232162727083106E-016  -3.2780492294468547E-030  -1.1907894756432623E-030  -1.2232162727083027E-016   2.4464325454165838E-016   5.0496929412200131E-030  -1.2232162727083052E-016  -5.2624417351875509E-030   1.0702569893676197E-029  -7.5699628426980826E-031   4.4459179489962071E-032   2.3079712478171452E-031  -7.3678847457428908E-031   5.7295198647280958E-017   1.4143829926309600E-030  -1.1459039729456201E-016   5.7295198647279898E-017   1.4352635202316728E-030  -3.6354054391155425E-031   5.7295198647280058E-017  -1.1459039729456051E-016   1.0805820381357097E-030   5.7295198647281291E-017  -4.1210551445653733E-031  -7.5699628426980826E-031   6.6951642235975496E-030
