   0.0000000000000000        0.0000000000000000        0.0000000000000000        0.0000000000000000        0.0000000000000000        0.0000000000000000        0.0000000000000000        0.0000000000000000        0.0000000000000000        0.0000000000000000        0.0000000000000000        0.0000000000000000        0.0000000000000000        0.0000000000000000        0.0000000000000000        0.0000000000000000        0.0000000000000000        0.0000000000000000        0.0000000000000000        0.0000000000000000        0.0000000000000000        0.0000000000000000        0.0000000000000000        0.0000000000000000        0.0000000000000000        0.0000000000000000        0.0000000000000000        0.0000000000000000        0.0000000000000000        0.0000000000000000        0.0000000000000000        0.0000000000000000        0.0000000000000000        0.0000000000000000        0.0000000000000000        0.0000000000000000        0.0000000000000000        0.0000000000000000        0.0000000000000000        0.0000000000000000        0.0000000000000000        0.0000000000000000        0.0000000000000000        0.0000000000000000        0.0000000000000000        0.0000000000000000        0.0000000000000000        0.0000000000000000        0.0000000000000000        0.0000000000000000        0.0000000000000000        0.0000000000000000        0.0000000000000000        0.0000000000000000        0.0000000000000000        0.0000000000000000        0.0000000000000000        0.0000000000000000        0.0000000000000000        0.0000000000000000        0.0000000000000000        0.0000000000000000        0.0000000000000000        0.0000000000000000        0.0000000000000000        0.0000000000000000        0.0000000000000000        0.0000000000000000        0.0000000000000000        0.0000000000000000        0.0000000000000000        0.0000000000000000        0.0000000000000000        0.0000000000000000        0.0000000000000000        0.0000000000000000        0.0000000000000000        0.0000000000000000        0.0000000000000000        0.0000000000000000        0.0000000000000000        0.0000000000000000        0.0000000000000000        0.0000000000000000        0.0000000000000000        0.0000000000000000        0.0000000000000000        0.0000000000000000        0.0000000000000000        0.0000000000000000        0.0000000000000000        0.0000000000000000        0.0000000000000000        0.0000000000000000        0.0000000000000000        0.0000000000000000        0.0000000000000000        0.0000000000000000        0.0000000000000000        0.0000000000000000        0.0000000000000000        0.0000000000000000        0.0000000000000000        0.0000000000000000        0.0000000000000000        0.0000000000000000        0.0000000000000000        0.0000000000000000        0.0000000000000000        0.0000000000000000        0.0000000000000000        0.0000000000000000        0.0000000000000000        0.0000000000000000        0.0000000000000000        0.0000000000000000        0.0000000000000000        0.0000000000000000        0.0000000000000000        0.0000000000000000        0.0000000000000000        0.0000000000000000        0.0000000000000000        0.0000000000000000        0.0000000000000000        0.0000000000000000        0.0000000000000000        0.0000000000000000        0.0000000000000000        0.0000000000000000        0.0000000000000000        0.0000000000000000        0.0000000000000000        0.0000000000000000        0.0000000000000000        0.0000000000000000        0.0000000000000000        0.0000000000000000        0.0000000000000000        0.0000000000000000        0.0000000000000000        0.0000000000000000        0.0000000000000000        0.0000000000000000        0.0000000000000000        0.0000000000000000        0.0000000000000000        0.0000000000000000        0.0000000000000000        0.0000000000000000        0.0000000000000000        0.0000000000000000        0.0000000000000000        0.0000000000000000        0.0000000000000000        0.0000000000000000        0.0000000000000000        0.0000000000000000        0.0000000000000000        0.0000000000000000        0.0000000000000000        0.0000000000000000        0.0000000000000000        0.0000000000000000        0.0000000000000000        0.0000000000000000        0.0000000000000000        0.0000000000000000        0.0000000000000000        0.0000000000000000        0.0000000000000000        0.0000000000000000        0.0000000000000000        0.0000000000000000        0.0000000000000000        0.0000000000000000        0.0000000000000000        0.0000000000000000        0.0000000000000000        0.0000000000000000        0.0000000000000000        0.0000000000000000        0.0000000000000000        0.0000000000000000        0.0000000000000000        0.0000000000000000        0.0000000000000000        0.0000000000000000        0.0000000000000000        0.0000000000000000        0.0000000000000000        0.0000000000000000        0.0000000000000000        0.0000000000000000        0.0000000000000000        0.0000000000000000        0.0000000000000000        0.0000000000000000        0.0000000000000000        0.0000000000000000        0.0000000000000000        0.0000000000000000        0.0000000000000000        0.0000000000000000        0.0000000000000000        0.0000000000000000        0.0000000000000000        0.0000000000000000        0.0000000000000000        0.0000000000000000        0.0000000000000000        0.0000000000000000        0.0000000000000000        0.0000000000000000        0.0000000000000000        0.0000000000000000        0.0000000000000000        0.0000000000000000        0.0000000000000000        0.0000000000000000        0.0000000000000000        0.0000000000000000        0.0000000000000000        0.0000000000000000        0.0000000000000000        0.0000000000000000        0.0000000000000000        0.0000000000000000        0.0000000000000000        0.0000000000000000        0.0000000000000000        0.0000000000000000        0.0000000000000000        0.0000000000000000        0.0000000000000000        0.0000000000000000        0.0000000000000000        0.0000000000000000        0.0000000000000000        0.0000000000000000        0.0000000000000000        0.0000000000000000        0.0000000000000000        0.0000000000000000        0.0000000000000000        0.0000000000000000        0.0000000000000000        0.0000000000000000        0.0000000000000000        0.0000000000000000        0.0000000000000000        0.0000000000000000        0.0000000000000000        0.0000000000000000        0.0000000000000000        0.0000000000000000     
   0.0000000000000000        7.6624210572823663E-067   7.6624208865318199E-067  -6.3849919969338103E-063   7.6624207544301520E-067  -6.3849919965280356E-063  -6.3849919966687663E-063   2.0579177346214808E-065   7.6624214388944137E-067  -6.3849919963287420E-063  -6.3849919965571816E-063   2.0579177359075075E-065  -6.3849919958749189E-063   2.0579177372829169E-065   2.0579177358053840E-065  -2.6428189158910461E-063  -7.6624210572823663E-067   0.0000000000000000       -2.8357645850125958E-073  -1.2410676592665025E-065  -8.2765973394618954E-073  -1.2410676590058066E-065  -1.2410676570555640E-065  -1.0294642881314314E-062  -1.0846213169219917E-072  -1.2410676641418423E-065  -1.2410676613911720E-065  -1.0294642881501361E-062  -1.2410676624392065E-065  -1.0294642882204794E-062  -1.0294642881640144E-062  -2.7404622996692819E-065  -7.6624208865318199E-067   2.8357645850125958E-073   0.0000000000000000       -1.2410676560739589E-065  -5.4408321006927248E-073  -1.2410676558132816E-065  -1.2410676538630323E-065  -1.0294642880999502E-062  -8.0104464348856149E-073  -1.2410676609493105E-065  -1.2410676581986419E-065  -1.0294642881186547E-062  -1.2410676592466764E-065  -1.0294642881889986E-062  -1.0294642881325334E-062  -2.7404622934046053E-065   6.3849919969338103E-063   1.2410676592665025E-065   1.2410676560739589E-065   0.0000000000000000        1.2410676539380911E-065   5.7487362487480809E-073   2.9436432416038079E-073   3.0218439186038576E-065   1.2410676656713010E-065   9.4927928194873061E-073   5.3342786256481692E-073   3.0218439214084331E-065   1.5301001088384857E-072   3.0218439234186599E-065   3.0218439207213585E-065  -2.4446426540875138E-062  -7.6624207544301520E-067   8.2765973394618954E-073   5.4408321006927248E-073  -1.2410676539380911E-065   0.0000000000000000       -1.2410676536774036E-065  -1.2410676517271594E-065  -1.0294642880205817E-062  -2.5696130474521769E-073  -1.2410676588134376E-065  -1.2410676560627724E-065  -1.0294642880392861E-062  -1.2410676571108035E-065  -1.0294642881096301E-062  -1.0294642880531644E-062  -2.7404622904443561E-065   6.3849919965280356E-063   1.2410676590058066E-065   1.2410676558132816E-065  -5.7487362487480809E-073   1.2410676536774036E-065   0.0000000000000000       -2.8050946811420161E-073   3.0218439184742004E-065   1.2410676654106084E-065   3.7440515462271005E-073  -4.1445779412213709E-074   3.0218439212787928E-065   9.5522623696429973E-073   3.0218439232890196E-065   3.0218439205917147E-065  -2.4446426541709607E-062   6.3849919966687663E-063   1.2410676570555640E-065   1.2410676538630323E-065  -2.9436432416038079E-073   1.2410676517271594E-065   2.8050946811420161E-073   0.0000000000000000        3.0218439147649829E-065   1.2410676634603575E-065   6.5491534423918198E-073   2.3906362293955312E-073   3.0218439175695617E-065   1.2357360929633134E-072   3.0218439195797750E-065   3.0218439168824904E-065  -2.4446426541140337E-062  -2.0579177346214808E-065   1.0294642881314314E-062   1.0294642880999502E-062  -3.0218439186038576E-065   1.0294642880205817E-062  -3.0218439184742004E-065  -3.0218439147649829E-065   0.0000000000000000        1.0294642879685652E-062  -3.0218439277202680E-065  -3.0218439228370544E-065  -3.5644493596800712E-073  -3.0218439245536650E-065  -1.3688601765490825E-072  -4.4775555523716836E-073  -8.3435718699241064E-065  -7.6624214388944137E-067   1.0846213169219917E-072   8.0104464348856149E-073  -1.2410676656713010E-065   2.5696130474521769E-073  -1.2410676654106084E-065  -1.2410676634603575E-065  -1.0294642879685652E-062   0.0000000000000000       -1.2410676705466357E-065  -1.2410676677959756E-065  -1.0294642879872698E-062  -1.2410676688439982E-065  -1.0294642880576133E-062  -1.0294642880011484E-062  -2.7404623112719474E-065   6.3849919963287420E-063   1.2410676641418423E-065   1.2410676609493105E-065  -9.4927928194873061E-073   1.2410676588134376E-065  -3.7440515462271005E-073  -6.5491534423918198E-073   3.0218439277202680E-065   1.2410676705466357E-065   0.0000000000000000       -4.1585127250731922E-073   3.0218439305248570E-065   5.8082106764212269E-073   3.0218439325350737E-065   3.0218439298377688E-065  -2.4446426542390461E-062   6.3849919965571816E-063   1.2410676613911720E-065   1.2410676581986419E-065  -5.3342786256481692E-073   1.2410676560627724E-065   4.1445779412213709E-074  -2.3906362293955312E-073   3.0218439228370544E-065   1.2410676677959756E-065   4.1585127250731922E-073   0.0000000000000000        3.0218439256416569E-065   9.9667169434509592E-073   3.0218439276518702E-065   3.0218439249545654E-065  -2.4446426541627274E-062  -2.0579177359075075E-065   1.0294642881501361E-062   1.0294642881186547E-062  -3.0218439214084331E-065   1.0294642880392861E-062  -3.0218439212787928E-065  -3.0218439175695617E-065   3.5644493596800712E-073   1.0294642879872698E-062  -3.0218439305248570E-065  -3.0218439256416569E-065   0.0000000000000000       -3.0218439273582472E-065  -1.0124153708705524E-072  -9.1311114960431866E-074  -8.3435718756834390E-065   6.3849919958749189E-063   1.2410676624392065E-065   1.2410676592466764E-065  -1.5301001088384857E-072   1.2410676571108035E-065  -9.5522623696429973E-073  -1.2357360929633134E-072   3.0218439245536650E-065   1.2410676688439982E-065  -5.8082106764212269E-073  -9.9667169434509592E-073   3.0218439273582472E-065   0.0000000000000000        3.0218439293684605E-065   3.0218439266711726E-065  -2.4446426543106728E-062  -2.0579177372829169E-065   1.0294642882204794E-062   1.0294642881889986E-062  -3.0218439234186599E-065   1.0294642881096301E-062  -3.0218439232890196E-065  -3.0218439195797750E-065   1.3688601765490825E-072   1.0294642880576133E-062  -3.0218439325350737E-065  -3.0218439276518702E-065   1.0124153708705524E-072  -3.0218439293684605E-065   0.0000000000000000        9.2110456590389063E-073  -8.3435718791809995E-065  -2.0579177358053840E-065   1.0294642881640144E-062   1.0294642881325334E-062  -3.0218439207213585E-065   1.0294642880531644E-062  -3.0218439205917147E-065  -3.0218439168824904E-065   4.4775555523716836E-073   1.0294642880011484E-062  -3.0218439298377688E-065  -3.0218439249545654E-065   9.1311114960431866E-074  -3.0218439266711726E-065  -9.2110456590389063E-073   0.0000000000000000       -8.3435718740222787E-065   2.6428189158910461E-063   2.7404622996692819E-065   2.7404622934046053E-065   2.4446426540875138E-062   2.7404622904443561E-065   2.4446426541709607E-062   2.4446426541140337E-062   8.3435718699241064E-065   2.7404623112719474E-065   2.4446426542390461E-062   2.4446426541627274E-062   8.3435718756834390E-065   2.4446426543106728E-062   8.3435718791809995E-065   8.3435718740222787E-065   0.0000000000000000     
   0.0000000000000000        2.7404501984421339E-035   2.7404501984441011E-035  -6.2616137566516370E-035   2.7404501984385909E-035  -6.2616137477053804E-035  -6.2616137566463524E-035   1.1094588823133240E-034   2.7404501984411135E-035  -6.2616137566478962E-035  -6.2616137477110092E-035   1.1094588823137814E-034  -6.2616137566424951E-035   1.1094588823128773E-034   1.1094588823131151E-034  -1.8140692810667207E-034  -2.7404501984421339E-035   0.0000000000000000       -2.3016095445758163E-047   3.5566979062013794E-035   4.6610016548985310E-047   3.5566979113042490E-035   3.5566979061944313E-035  -8.6557800632640392E-035   1.4332257352114228E-047   3.5566979061966866E-035   3.5566979113112848E-035  -8.6557800632700058E-035   3.5566979061896460E-035  -8.6557800632584777E-035  -8.6557800632611953E-035   1.6611909300900168E-034  -2.7404501984441011E-035   2.3016095445758163E-047   0.0000000000000000        3.5566979065049974E-035   6.9631415599523662E-047   3.5566979106889546E-035   3.5566979064980461E-035  -8.6557800632609762E-035   3.7341602852826552E-047   3.5566979065003019E-035   3.5566979106959909E-035  -8.6557800632669450E-035   3.5566979064932629E-035  -8.6557800632554147E-035  -8.6557800632581324E-035   1.6611909300896894E-034   6.2616137566516370E-035  -3.5566979062013794E-035  -3.5566979065049974E-035   0.0000000000000000       -3.5566979066099820E-035  -1.0682919242589173E-043   8.8523349589658752E-047   5.3593059870022496E-035  -3.5566979061641660E-035   6.0747895643529365E-047  -1.0691581738457744E-043   5.3593059867197437E-035   1.4998829998212743E-046   5.3593059864985874E-035   5.3593059868610848E-035  -1.4293518657100665E-034  -2.7404501984385909E-035  -4.6610016548985310E-047  -6.9631415599523662E-047   3.5566979066099820E-035   0.0000000000000000        3.5566979105048556E-035   3.5566979066030345E-035  -8.6557800632713850E-035  -3.2294114307844620E-047   3.5566979066052913E-035   3.5566979105118898E-035  -8.6557800632773559E-035   3.5566979065982491E-035  -8.6557800632658267E-035  -8.6557800632685454E-035   1.6611909300908879E-034   6.2616137477053804E-035  -3.5566979113042490E-035  -3.5566979106889546E-035   1.0682919242589173E-043  -3.5566979105048556E-035   0.0000000000000000        1.0691770036865302E-043   5.3593059803750247E-035  -3.5566979113843368E-035   1.0688235780356464E-043  -8.6630014449868789E-047   5.3593059809627411E-035   1.0697160341897257E-043   5.3593059813619014E-035   5.3593059806462622E-035  -1.4293518664409914E-034   6.2616137566463524E-035  -3.5566979061944313E-035  -3.5566979064980461E-035  -8.8523349589658752E-047  -3.5566979066030345E-035  -1.0691770036865302E-043   0.0000000000000000        5.3593059870132100E-035  -3.5566979061572162E-035  -2.7759902432130519E-047  -1.0700431109622562E-043   5.3593059867307052E-035   6.1489574607915012E-047   5.3593059865095510E-035   5.3593059868720485E-035  -1.4293518657113681E-034  -1.1094588823133240E-034   8.6557800632640392E-035   8.6557800632609762E-035  -5.3593059870022496E-035   8.6557800632713850E-035  -5.3593059803750247E-035  -5.3593059870132100E-035   0.0000000000000000        8.6557800632664340E-035  -5.3593059870091709E-035  -5.3593059803646191E-035  -9.3325780916034008E-047  -5.3593059870201774E-035   8.1467337881126322E-047   4.6524079365006443E-047   9.7281646149877418E-035  -2.7404501984411135E-035  -1.4332257352114228E-047  -3.7341602852826552E-047   3.5566979061641660E-035   3.2294114307844620E-047   3.5566979113843368E-035   3.5566979061572162E-035  -8.6557800632664340E-035   0.0000000000000000        3.5566979061594753E-035   3.5566979113913726E-035  -8.6557800632724006E-035   3.5566979061524331E-035  -8.6557800632608746E-035  -8.6557800632635923E-035   1.6611909300903080E-034   6.2616137566478962E-035  -3.5566979061966866E-035  -3.5566979065003019E-035  -6.0747895643529365E-047  -3.5566979066052913E-035  -1.0688235780356464E-043   2.7759902432130519E-047   5.3593059870091709E-035  -3.5566979061594753E-035   0.0000000000000000       -1.0696897143367649E-043   5.3593059867266640E-035   8.9249560972268873E-047   5.3593059865055109E-035   5.3593059868680083E-035  -1.4293518657108558E-034   6.2616137477110092E-035  -3.5566979113112848E-035  -3.5566979106959909E-035   1.0691581738457744E-043  -3.5566979105118898E-035   8.6630014449868789E-047   1.0700431109622562E-043   5.3593059803646191E-035  -3.5566979113913726E-035   1.0696897143367649E-043   0.0000000000000000        5.3593059809523354E-035   1.0705820503562187E-043   5.3593059813514979E-035   5.3593059806358587E-035  -1.4293518664398021E-034  -1.1094588823137814E-034   8.6557800632700058E-035   8.6557800632669450E-035  -5.3593059867197437E-035   8.6557800632773559E-035  -5.3593059809627411E-035  -5.3593059867307052E-035   9.3325780916034008E-047   8.6557800632724006E-035  -5.3593059867266640E-035  -5.3593059809523354E-035   0.0000000000000000       -5.3593059867376683E-035   1.7478904309389033E-046   1.3985135914515028E-046   9.7281646149767279E-035   6.2616137566424951E-035  -3.5566979061896460E-035  -3.5566979064932629E-035  -1.4998829998212743E-046  -3.5566979065982491E-035  -1.0697160341897257E-043  -6.1489574607915012E-047   5.3593059870201774E-035  -3.5566979061524331E-035  -8.9249560972268873E-047  -1.0705820503562187E-043   5.3593059867376683E-035   0.0000000000000000        5.3593059865165131E-035   5.3593059868790116E-035  -1.4293518657121537E-034  -1.1094588823128773E-034   8.6557800632584777E-035   8.6557800632554147E-035  -5.3593059864985874E-035   8.6557800632658267E-035  -5.3593059813619014E-035  -5.3593059865095510E-035  -8.1467337881126322E-047   8.6557800632608746E-035  -5.3593059865055109E-035  -5.3593059813514979E-035  -1.7478904309389033E-046  -5.3593059865165131E-035   0.0000000000000000       -3.4927243460849913E-047   9.7281646149969939E-035  -1.1094588823131151E-034   8.6557800632611953E-035   8.6557800632581324E-035  -5.3593059868610848E-035   8.6557800632685454E-035  -5.3593059806462622E-035  -5.3593059868720485E-035  -4.6524079365006443E-047   8.6557800632635923E-035  -5.3593059868680083E-035  -5.3593059806358587E-035  -1.3985135914515028E-046  -5.3593059868790116E-035   3.4927243460849913E-047   0.0000000000000000        9.7281646149933568E-035   1.8140692810667207E-034  -1.6611909300900168E-034  -1.6611909300896894E-034   1.4293518657100665E-034  -1.6611909300908879E-034   1.4293518664409914E-034   1.4293518657113681E-034  -9.7281646149877418E-035  -1.6611909300903080E-034   1.4293518657108558E-034   1.4293518664398021E-034  -9.7281646149767279E-035   1.4293518657121537E-034  -9.7281646149969939E-035  -9.7281646149933568E-035   0.0000000000000000     
   0.0000000000000000       -1.9685033016629860E-031   3.6868745893409589E-031   9.9888197346539066E-017  -1.1813225970458597E-031  -1.9977639469307823E-016   9.9888197346539473E-017  -8.7394426460279724E-031   2.2185853740339834E-031   9.9888197346539534E-017  -1.9977639469307808E-016   8.3886791138076082E-031   9.9888197346539164E-017  -3.0602355818757480E-031   6.9851903987277385E-031  -5.7756174791223227E-031   1.9685033016629860E-031   0.0000000000000000       -8.3120693187084746E-032  -4.2334329531169911E-017   1.7953699209912993E-031   8.4668659062340685E-017  -4.2334329531170367E-017   4.8720210981409375E-031  -1.8427423615093281E-031  -4.2334329531170540E-017   8.4668659062339711E-017  -6.4202108412428746E-031  -4.2334329531170472E-017   4.1074801839218065E-031  -1.3925848017081469E-031  -8.2688449058873093E-032  -3.6868745893409589E-031   8.3120693187084746E-032   0.0000000000000000       -7.4273606444414438E-017   5.5835681638408271E-032   1.4854721288882848E-016  -7.4273606444414389E-017   3.3170782527211701E-031  -9.1166221389326386E-032  -7.4273606444414253E-017   1.4854721288882952E-016  -3.4350911593916233E-031  -7.4273606444413921E-017   4.6429591517876586E-031  -7.4797619281117092E-031  -1.8878044785989165E-032  -9.9888197346539066E-017   4.2334329531169911E-017   7.4273606444414438E-017   0.0000000000000000        8.6001892997878932E-017   7.6075921625194021E-017  -9.2649012972126354E-017  -6.9175899889293302E-017  -1.3077829526428161E-016  -4.1727755385764969E-017   8.3825698756863246E-017   3.8288029626877296E-017  -1.4110539687128038E-016  -7.9176106434435073E-017   9.9012255235156669E-017   4.5697829147970668E-017   1.1813225970458597E-031  -1.7953699209912993E-031  -5.5835681638408271E-032  -8.6001892997878932E-017   0.0000000000000000        1.7200378599575873E-016  -8.6001892997879277E-017  -2.8224259697352438E-031  -4.1276333503038810E-032  -8.6001892997879561E-017   1.7200378599575836E-016   2.7985897411379159E-031  -8.6001892997879511E-017  -1.6446501112841749E-031   5.5474335776473606E-031  -3.4630199645245323E-031   1.9977639469307823E-016  -8.4668659062340685E-017  -1.4854721288882848E-016  -7.6075921625194021E-017  -1.7200378599575873E-016   0.0000000000000000        1.1011071398781722E-016   1.3835179977858789E-016   2.6155659052856395E-016   7.3904956193180707E-018  -1.0660386854275139E-017  -7.6576059253755529E-017   2.0697373929079539E-016   1.5835221286887133E-016  -1.9802451047031494E-016  -9.1395658295941779E-017  -9.9888197346539473E-017   4.2334329531170367E-017   7.4273606444414389E-017   9.2649012972126354E-017   8.6001892997879277E-017  -1.1011071398781722E-016   0.0000000000000000       -6.9175899889293845E-017  -1.3077829526428247E-016   5.1571554503548714E-017  -1.0342504041684267E-016   3.8288029626877758E-017  -4.7501506803365170E-017  -7.9176106434435751E-017   9.9012255235157384E-017   4.5697829147971228E-017   8.7394426460279724E-031  -4.8720210981409375E-031  -3.3170782527211701E-031   6.9175899889293302E-017   2.8224259697352438E-031  -1.3835179977858789E-016   6.9175899889293845E-017   0.0000000000000000       -5.5810094701176183E-031   6.9175899889293993E-017  -1.3835179977858863E-016   1.2615631888269572E-031   6.9175899889293721E-017  -7.8134749376769465E-032   4.4268502884148998E-031  -5.4711812006352586E-031  -2.2185853740339834E-031   1.8427423615093281E-031   9.1166221389326386E-032   1.3077829526428161E-016   4.1276333503038810E-032  -2.6155659052856395E-016   1.3077829526428247E-016   5.5810094701176183E-031   0.0000000000000000        1.3077829526428227E-016  -2.6155659052856365E-016  -1.8898976658266633E-031   1.3077829526428269E-016  -5.5070823903363643E-033  -5.0498008373047483E-031  -1.7236162747429886E-032  -9.9888197346539534E-017   4.2334329531170540E-017   7.4273606444414253E-017   4.1727755385764969E-017   8.6001892997879561E-017  -7.3904956193180707E-018  -5.1571554503548714E-017  -6.9175899889293993E-017  -1.3077829526428227E-016   0.0000000000000000        9.3633633234174189E-020   3.8288029626877709E-017  -9.9405080296725662E-017  -7.9176106434436220E-017   9.9012255235157433E-017   4.5697829147971081E-017   1.9977639469307808E-016  -8.4668659062339711E-017  -1.4854721288882952E-016  -8.3825698756863246E-017  -1.7200378599575836E-016   1.0660386854275139E-017   1.0342504041684267E-016   1.3835179977858863E-016   2.6155659052856365E-016  -9.3633633234174189E-020   0.0000000000000000       -7.6576059253756071E-017   1.9996183834658594E-016   1.5835221286887172E-016  -1.9802451047031501E-016  -9.1395658295941915E-017  -8.3886791138076082E-031   6.4202108412428746E-031   3.4350911593916233E-031  -3.8288029626877296E-017  -2.7985897411379159E-031   7.6576059253755529E-017  -3.8288029626877758E-017  -1.2615631888269572E-031   1.8898976658266633E-031  -3.8288029626877709E-017   7.6576059253756071E-017   0.0000000000000000       -3.8288029626878085E-017  -3.3043071836615075E-031  -5.4725239383516841E-031   1.4703909525002468E-031  -9.9888197346539164E-017   4.2334329531170472E-017   7.4273606444413921E-017   1.4110539687128038E-016   8.6001892997879511E-017  -2.0697373929079539E-016   4.7501506803365170E-017  -6.9175899889293721E-017  -1.3077829526428269E-016   9.9405080296725662E-017  -1.9996183834658594E-016   3.8288029626878085E-017   0.0000000000000000       -7.9176106434435764E-017   9.9012255235157643E-017   4.5697829147970822E-017   3.0602355818757480E-031  -4.1074801839218065E-031  -4.6429591517876586E-031   7.9176106434435073E-017   1.6446501112841749E-031  -1.5835221286887133E-016   7.9176106434435751E-017   7.8134749376769465E-032   5.5070823903363643E-033   7.9176106434436220E-017  -1.5835221286887172E-016   3.3043071836615075E-031   7.9176106434435764E-017   0.0000000000000000        2.2301779705193268E-031  -1.9481745536230273E-031  -6.9851903987277385E-031   1.3925848017081469E-031   7.4797619281117092E-031  -9.9012255235156669E-017  -5.5474335776473606E-031   1.9802451047031494E-016  -9.9012255235157384E-017  -4.4268502884148998E-031   5.0498008373047483E-031  -9.9012255235157433E-017   1.9802451047031501E-016   5.4725239383516841E-031  -9.9012255235157643E-017  -2.2301779705193268E-031   0.0000000000000000        6.6808155773230485E-032   5.7756174791223227E-031   8.2688449058873093E-032   1.8878044785989165E-032  -4.5697829147970668E-017   3.4630199645245323E-031   9.1395658295941779E-017  -4.5697829147971228E-017   5.4711812006352586E-031   1.7236162747429886E-032  -4.5697829147971081E-017   9.1395658295941915E-017  -1.4703909525002468E-031  -4.5697829147970822E-017   1.9481745536230273E-031  -6.6808155773230485E-032   0.0000000000000000     
   0.0000000000000000        9.1879731327439884E-031  -3.9481397800663550E-032   1.0415023034760033E-016   6.2391170326907699E-031  -2.0830046069520092E-016   1.0415023034760060E-016   4.8121634763548934E-031  -1.5534695311942985E-030   1.0415023034760099E-016  -2.0830046069520063E-016  -5.0942517781426408E-031   1.0415023034760105E-016   6.8743669653049990E-031  -8.2364080646189504E-031  -4.0789088342886677E-031  -9.1879731327439884E-031   0.0000000000000000       -7.4337694409132872E-031  -6.5996794971765618E-017   1.1448748561251180E-030   1.3199358994353180E-016  -6.5996794971766309E-017   6.4752265677977524E-031   1.9851218567744760E-031  -6.5996794971766087E-017   1.3199358994353328E-016  -1.0385480223007784E-030  -6.5996794971766062E-017   8.0274551299113355E-031  -1.0618274301216897E-030  -3.7585777559071203E-031   3.9481397800663550E-032   7.4337694409132872E-031   0.0000000000000000        1.5428959673887800E-016   1.6959729691529210E-030  -3.0857919347775648E-016   1.5428959673887661E-016  -4.5569706973330195E-032  -7.7167692846683032E-031   1.5428959673887839E-016  -3.0857919347775402E-016   1.6781358649312357E-030   1.5428959673887694E-016  -6.9534513187220763E-031   1.1698461723528517E-030   1.0903839384274693E-030  -1.0415023034760033E-016   6.5996794971765618E-017  -1.5428959673887800E-016   0.0000000000000000        1.2311146124024261E-016  -3.3442596058122713E-019  -1.6171921627690907E-016  -1.0552216655951309E-016  -2.3917492270495632E-016   1.1181418042680932E-016   1.2783013573379420E-016   1.8101787914912846E-016  -1.8338926598173293E-016  -2.4204883222229446E-016   1.6892428223937121E-016   5.9162422048382017E-017  -6.2391170326907699E-031  -1.1448748561251180E-030  -1.6959729691529210E-030  -1.2311146124024261E-016   0.0000000000000000        2.4622292248048486E-016  -1.2311146124024246E-016  -2.9741613807689648E-031   7.5445598866933062E-032  -1.2311146124024367E-016   2.4622292248048610E-016  -6.5299410659928990E-031  -1.2311146124024219E-016  -3.4967221479943222E-031  -7.4634229276657855E-031   7.5680134491559454E-031   2.0830046069520092E-016  -1.3199358994353180E-016   3.0857919347775648E-016   3.3442596058122713E-019  -2.4622292248048486E-016   0.0000000000000000        3.2213503788679014E-016   2.1104433311902606E-016   4.7834984540991136E-016  -2.2505032844386677E-016  -2.5706080003011524E-016  -3.6203575829825568E-016   3.6467509644913959E-016   4.8409766444458566E-016  -3.3784856447873947E-016  -1.1832484409676238E-016  -1.0415023034760060E-016   6.5996794971766309E-017  -1.5428959673887661E-016   1.6171921627690907E-016   1.2311146124024246E-016  -3.2213503788679014E-016   0.0000000000000000       -1.0552216655951143E-016  -2.3917492270495479E-016   2.7313161545740065E-016  -1.9385943968732412E-016   1.8101787914912720E-016  -2.0909777256371942E-017  -2.4204883222229239E-016   1.6892428223936991E-016   5.9162422048381820E-017  -4.8121634763548934E-031  -6.4752265677977524E-031   4.5569706973330195E-032   1.0552216655951309E-016   2.9741613807689648E-031  -2.1104433311902606E-016   1.0552216655951143E-016   0.0000000000000000        9.9781493692954212E-032   1.0552216655951258E-016  -2.1104433311902532E-016  -6.0457207179795311E-031   1.0552216655951222E-016   4.2750955756745780E-031  -6.8207074054519275E-031  -1.3768916724110458E-030   1.5534695311942985E-030  -1.9851218567744760E-031   7.7167692846683032E-031   2.3917492270495632E-016  -7.5445598866933062E-032  -4.7834984540991136E-016   2.3917492270495479E-016  -9.9781493692954212E-032   0.0000000000000000        2.3917492270495602E-016  -4.7834984540991234E-016   1.6130669848620953E-030   2.3917492270495474E-016  -1.1478101481339732E-030   1.1328126207513314E-030   1.8408679090067872E-030  -1.0415023034760099E-016   6.5996794971766087E-017  -1.5428959673887839E-016  -1.1181418042680932E-016   1.2311146124024367E-016   2.2505032844386677E-016  -2.7313161545740065E-016  -1.0552216655951258E-016  -2.3917492270495602E-016   0.0000000000000000        3.5434197878101810E-016   1.8101787914912740E-016  -2.9448832603800727E-016  -2.4204883222229411E-016   1.6892428223936993E-016   5.9162422048380969E-017   2.0830046069520063E-016  -1.3199358994353328E-016   3.0857919347775402E-016  -1.2783013573379420E-016  -2.4622292248048610E-016   2.5706080003011524E-016   1.9385943968732412E-016   2.1104433311902532E-016   4.7834984540991234E-016  -3.5434197878101810E-016   0.0000000000000000       -3.6203575829825613E-016   2.3634018570477151E-016   4.8409766444458822E-016  -3.3784856447874065E-016  -1.1832484409676268E-016   5.0942517781426408E-031   1.0385480223007784E-030  -1.6781358649312357E-030  -1.8101787914912846E-016   6.5299410659928990E-031   3.6203575829825568E-016  -1.8101787914912720E-016   6.0457207179795311E-031  -1.6130669848620953E-030  -1.8101787914912740E-016   3.6203575829825613E-016   0.0000000000000000       -1.8101787914912787E-016   5.0769421251032955E-031  -6.3288292511595496E-031   5.0536801291378452E-032  -1.0415023034760105E-016   6.5996794971766062E-017  -1.5428959673887694E-016   1.8338926598173293E-016   1.2311146124024219E-016  -3.6467509644913959E-016   2.0909777256371942E-017  -1.0552216655951222E-016  -2.3917492270495474E-016   2.9448832603800727E-016  -2.3634018570477151E-016   1.8101787914912787E-016   0.0000000000000000       -2.4204883222229308E-016   1.6892428223936961E-016   5.9162422048382202E-017  -6.8743669653049990E-031  -8.0274551299113355E-031   6.9534513187220763E-031   2.4204883222229446E-016   3.4967221479943222E-031  -4.8409766444458566E-016   2.4204883222229239E-016  -4.2750955756745780E-031   1.1478101481339732E-030   2.4204883222229411E-016  -4.8409766444458822E-016  -5.0769421251032955E-031   2.4204883222229308E-016   0.0000000000000000       -2.7521403278936012E-031  -6.0166530634629750E-031   8.2364080646189504E-031   1.0618274301216897E-030  -1.1698461723528517E-030  -1.6892428223937121E-016   7.4634229276657855E-031   3.3784856447873947E-016  -1.6892428223936991E-016   6.8207074054519275E-031  -1.1328126207513314E-030  -1.6892428223936993E-016   3.3784856447874065E-016   6.3288292511595496E-031  -1.6892428223936961E-016   2.7521403278936012E-031   0.0000000000000000        1.2662791501357011E-031   4.0789088342886677E-031   3.7585777559071203E-031  -1.0903839384274693E-030  -5.9162422048382017E-017  -7.5680134491559454E-031   1.1832484409676238E-016  -5.9162422048381820E-017   1.3768916724110458E-030  -1.8408679090067872E-030  -5.9162422048380969E-017   1.1832484409676268E-016  -5.0536801291378452E-032  -5.9162422048382202E-017   6.0166530634629750E-031  -1.2662791501357011E-031   0.0000000000000000     
   0.0000000000000000        8.3628838426795417E-031  -6.3977867101140821E-031   7.0052084398885926E-017   1.2646298417909551E-030  -1.4010416879777368E-016   7.0052084398883768E-017  -1.3421586480560444E-030   5.2870071945280373E-031   7.0052084398885852E-017  -1.4010416879777141E-016   1.1552933032776071E-030   7.0052084398886505E-017  -6.9266037901819878E-031   1.0848036285537848E-030   1.3486975151003994E-030  -8.3628838426795417E-031   0.0000000000000000        4.0608971109612299E-031  -5.0564859051422596E-017   1.7416665699668503E-031   1.0112971810283876E-016  -5.0564859051421098E-017   2.3033617496333668E-031  -2.6953775611891682E-031  -5.0564859051417462E-017   1.0112971810284066E-016  -1.1765992764621087E-030  -5.0564859051422805E-017   1.6122074700167080E-030  -2.0345231572564892E-030  -2.5745303836365323E-030   6.3977867101140821E-031  -4.0608971109612299E-031   0.0000000000000000       -3.2661630144580768E-017  -9.4923534838624752E-033   6.5323260289165173E-017  -3.2661630144580128E-017  -3.5171923026926133E-031  -1.3730987743938598E-030  -3.2661630144584639E-017   6.5323260289165346E-017   1.3274125825329254E-030  -3.2661630144582100E-017  -5.7119919218770186E-031  -8.8104963430763779E-031   1.3522466771538569E-030  -7.0052084398885926E-017   5.0564859051422596E-017   3.2661630144580768E-017   0.0000000000000000        4.2024426770545178E-017  -1.7944509686205618E-016  -8.9924060260638212E-017   1.5091994996707374E-016   2.2497895941662267E-016   1.6603480423297492E-016   3.6460031927090537E-017  -1.9906797217485763E-016  -2.4882051806748935E-017   3.7343722776886600E-016  -2.3935193744475398E-016  -2.0117500740698152E-018  -1.2646298417909551E-030  -1.7416665699668503E-031   9.4923534838624752E-033  -4.2024426770545178E-017   0.0000000000000000        8.4048853541085500E-017  -4.2024426770543995E-017   1.3109227463272928E-030   8.2416505816578002E-031  -4.2024426770540673E-017   8.4048853541085192E-017  -5.5468546751323635E-031  -4.2024426770544328E-017   1.9910216216663009E-030  -1.0103398427107026E-030  -2.6527260787546552E-030   1.4010416879777368E-016  -1.0112971810283876E-016  -6.5323260289165173E-017   1.7944509686205618E-016  -8.4048853541085500E-017   0.0000000000000000        3.5772174348437215E-016  -3.0183989993415078E-016  -4.4995791883325303E-016  -1.5251695815514417E-016  -4.2982384546036778E-016   3.9813594434971631E-016   2.3004814230690006E-016  -7.4687445553773486E-016   4.7870387488950668E-016   4.0235001481369910E-018  -7.0052084398883768E-017   5.0564859051421098E-017   3.2661630144580128E-017   8.9924060260638212E-017   4.2024426770543995E-017  -3.5772174348437215E-016   0.0000000000000000        1.5091994996707381E-016   2.2497895941662513E-016   2.5479545647511891E-016  -1.4143747798811744E-016  -1.9906797217485709E-016   6.4057720667636616E-017   3.7343722776886684E-016  -2.3935193744475304E-016  -2.0117500740701784E-018   1.3421586480560444E-030  -2.3033617496333668E-031   3.5171923026926133E-031  -1.5091994996707374E-016  -1.3109227463272928E-030   3.0183989993415078E-016  -1.5091994996707381E-016   0.0000000000000000       -8.1507528873990324E-032  -1.5091994996707517E-016   3.0183989993415113E-016  -1.5346200108856526E-030  -1.5091994996707684E-016   1.9841199346591260E-030  -7.0379845030587123E-031  -1.5706039508999356E-030  -5.2870071945280373E-031   2.6953775611891682E-031   1.3730987743938598E-030  -2.2497895941662267E-016  -8.2416505816578002E-031   4.4995791883325303E-016  -2.2497895941662513E-016   8.1507528873990324E-032   0.0000000000000000       -2.2497895941662863E-016   4.4995791883325105E-016   9.6684695117806089E-031  -2.2497895941662622E-016  -8.0266366575075264E-031  -3.0127026680099649E-031   1.7938808250643303E-030  -7.0052084398885852E-017   5.0564859051417462E-017   3.2661630144584639E-017  -1.6603480423297492E-016   4.2024426770540673E-017   1.5251695815514417E-016  -2.5479545647511891E-016   1.5091994996707517E-016   2.2497895941662863E-016   0.0000000000000000        3.6751190533930005E-016  -1.9906797217485865E-016  -1.9147218931774554E-016   3.7343722776886812E-016  -2.3935193744475487E-016  -2.0117500740710073E-018   1.4010416879777141E-016  -1.0112971810284066E-016  -6.5323260289165346E-017  -3.6460031927090537E-017  -8.4048853541085192E-017   4.2982384546036778E-016   1.4143747798811744E-016  -3.0183989993415113E-016  -4.4995791883325105E-016  -3.6751190533930005E-016   0.0000000000000000        3.9813594434971616E-016   1.4745707454223269E-017  -7.4687445553773939E-016   4.7870387488951112E-016   4.0235001481400517E-018  -1.1552933032776071E-030   1.1765992764621087E-030  -1.3274125825329254E-030   1.9906797217485763E-016   5.5468546751323635E-031  -3.9813594434971631E-016   1.9906797217485709E-016   1.5346200108856526E-030  -9.6684695117806089E-031   1.9906797217485865E-016  -3.9813594434971616E-016   0.0000000000000000        1.9906797217485852E-016  -1.5477128148371015E-031  -9.3183096432704336E-031   8.4744347431392985E-031  -7.0052084398886505E-017   5.0564859051422805E-017   3.2661630144582100E-017   2.4882051806748935E-017   4.2024426770544328E-017  -2.3004814230690006E-016  -6.4057720667636616E-017   1.5091994996707684E-016   2.2497895941662622E-016   1.9147218931774554E-016  -1.4745707454223269E-017  -1.9906797217485852E-016   0.0000000000000000        3.7343722776886841E-016  -2.3935193744475457E-016  -2.0117500740695571E-018   6.9266037901819878E-031  -1.6122074700167080E-030   5.7119919218770186E-031  -3.7343722776886600E-016  -1.9910216216663009E-030   7.4687445553773486E-016  -3.7343722776886684E-016  -1.9841199346591260E-030   8.0266366575075264E-031  -3.7343722776886812E-016   7.4687445553773939E-016   1.5477128148371015E-031  -3.7343722776886841E-016   0.0000000000000000        6.2364809606210058E-031  -2.7059830282822637E-030  -1.0848036285537848E-030   2.0345231572564892E-030   8.8104963430763779E-031   2.3935193744475398E-016   1.0103398427107026E-030  -4.7870387488950668E-016   2.3935193744475304E-016   7.0379845030587123E-031   3.0127026680099649E-031   2.3935193744475487E-016  -4.7870387488951112E-016   9.3183096432704336E-031   2.3935193744475457E-016  -6.2364809606210058E-031   0.0000000000000000        2.1746197542889196E-031  -1.3486975151003994E-030   2.5745303836365323E-030  -1.3522466771538569E-030   2.0117500740698152E-018   2.6527260787546552E-030  -4.0235001481369910E-018   2.0117500740701784E-018   1.5706039508999356E-030  -1.7938808250643303E-030   2.0117500740710073E-018  -4.0235001481400517E-018  -8.4744347431392985E-031   2.0117500740695571E-018   2.7059830282822637E-030  -2.1746197542889196E-031   0.0000000000000000     
